-0.126292 -0.050015 6.272795
-0.125975 -0.050018 6.272795
-0.124880 -0.050029 6.272688
-0.122980 -0.050049 6.271834
-0.119524 -0.050089 6.272261
-0.118373 -0.050102 6.271514
-0.118301 -0.050103 6.271247
-0.116918 -0.050119 6.271781
-0.114816 -0.050142 6.272315
-0.113304 -0.050159 6.272155
-0.113290 -0.050159 6.272528
-0.113276 -0.050159 6.272475
-0.113290 -0.050159 6.272528
-0.113780 -0.050154 6.272315
-0.115248 -0.050138 6.271568
-0.118214 -0.050106 6.271461
-0.121598 -0.050067 6.272368
-0.121727 -0.050066 6.272848
-0.121569 -0.050067 6.273222
-0.121526 -0.050068 6.273382
-0.121511 -0.050068 6.273435
-0.121223 -0.050071 6.273435
-0.118315 -0.050100 6.272581
-0.115306 -0.050132 6.270287
-0.113679 -0.050153 6.272048
-0.113780 -0.050151 6.272101
-0.113823 -0.050151 6.271941
-0.113837 -0.050151 6.271888
-0.113852 -0.050151 6.271834
-0.114715 -0.050141 6.271194
-0.116803 -0.050115 6.271247
-0.118099 -0.050100 6.271674
-0.118157 -0.050099 6.271568
-0.118229 -0.050099 6.271621
-0.118243 -0.050098 6.271568
-0.118963 -0.050090 6.270927
-0.119999 -0.050077 6.271034
-0.119985 -0.050077 6.271194
-0.119769 -0.050080 6.271141
-0.118617 -0.050093 6.271247
-0.116126 -0.050124 6.271514
-0.114341 -0.050144 6.271728
-0.113304 -0.050156 6.271087
-0.111908 -0.050172 6.273168
-0.110367 -0.050187 6.273542
-0.108251 -0.050208 6.273062
-0.107243 -0.050218 6.273809
-0.107848 -0.050212 6.273915
-0.107862 -0.050212 6.273862
-0.107862 -0.050212 6.273862
-0.108711 -0.050204 6.273915
-0.111879 -0.050175 6.274449
-0.116400 -0.050134 6.273168
-0.116875 -0.050129 6.272475
-0.116702 -0.050131 6.272368
-0.116343 -0.050135 6.272208
-0.115435 -0.050145 6.272688
-0.112829 -0.050172 6.272635
-0.108755 -0.050212 6.274075
-0.106897 -0.050229 6.273915
-0.000677 -0.000000 -0.000160
-0.000720 -0.000000 0.000213
-0.000706 -0.000000 0.000267
-0.000605 -0.000000 0.000320
-0.000706 -0.000000 0.000160
-0.000706 -0.000000 0.000160
-0.001382 -0.000000 0.000427
-0.006192 -0.000003 0.000854
-0.010900 -0.000005 -0.000374
-0.012138 -0.000005 -0.000800
-0.012081 -0.000005 -0.000587
-0.012038 -0.000005 -0.000640
-0.011361 -0.000005 -0.000587
-0.010079 -0.000005 0.000320
-0.006609 -0.000003 0.001334
-0.001483 0.000006 0.002081
0.002635 0.000016 0.002828
0.002721 0.000016 0.002935
0.003585 0.000019 0.003041
0.005932 0.000025 0.000640
0.011505 0.000037 0.002935
0.016602 0.000049 -0.000694
0.021166 0.000053 0.002668
0.026350 0.000068 0.003202
0.031778 0.000085 0.003148
0.038042 0.000108 0.004162
0.042851 0.000126 0.002775
0.053262 0.000156 0.004002
0.062866 0.000194 0.004375
0.071865 0.000238 0.005176
0.085486 0.000300 0.004109
0.097955 0.000301 0.004642
0.108942 0.000351 0.004589
0.126033 0.000426 0.005069
0.138963 0.000493 0.005603
0.152901 0.000563 0.005069
0.173405 0.000681 0.006990
0.190698 0.000799 0.006617
0.207285 0.000911 0.006510
0.230755 0.001086 0.008964
0.251013 0.001265 0.009338
0.271776 0.001472 0.010832
0.297318 0.001763 0.012433
0.315992 0.002002 0.013660
0.335961 0.002283 0.014674
0.363618 0.002713 0.015794
0.385545 0.003062 0.015741
0.409617 0.003436 0.014887
0.442126 0.003926 0.015421
0.465234 0.004277 0.015261
0.487607 0.004608 0.014087
0.519974 0.005036 0.012913
0.546178 0.005368 0.012379
0.572311 0.005470 0.011045
0.604923 0.005807 0.008858
0.628190 0.006004 0.008004
0.652826 0.006202 0.007524
0.686548 0.006454 0.007524
0.711904 0.006641 0.007150
0.736151 0.006826 0.008217
0.764775 0.006929 0.008751
0.785480 0.007122 0.010352
0.805479 0.007325 0.009231
0.830777 0.007561 0.009498
0.848660 0.007729 0.009498
0.864066 0.007866 -0.003308
0.891755 0.007971 0.007524
0.911049 0.008111 0.006990
0.929724 0.008237 0.005976
0.952272 0.008366 0.005443
0.967693 0.008444 0.004536
0.983546 0.008510 0.003415
1.004194 0.008579 0.002241
1.019731 0.008618 0.002615
1.035570 0.008655 0.001654
1.057701 0.008678 0.000534
1.073813 0.008688 0.000374
1.088399 0.008694 -0.000640
1.106067 0.008678 -0.001334
1.121027 0.008663 -0.001814
1.138436 0.008639 -0.001121
1.163720 0.008589 -0.002615
1.182381 0.008538 -0.002401
1.197241 0.008501 -0.014033
1.223921 0.008319 -0.004055
1.242755 0.008244 -0.003522
1.263072 0.008168 -0.004536
1.292791 0.008027 -0.005709
1.315397 0.007894 -0.006243
1.337456 0.007744 -0.007630
1.366987 0.007504 -0.008217
1.388455 0.007324 -0.008377
1.409030 0.007143 -0.009178
1.437035 0.006894 -0.008057
1.458374 0.006727 -0.008057
1.479036 0.006560 -0.007364
1.503902 0.006372 -0.007097
1.519870 0.006253 -0.008111
1.535276 0.006123 -0.009071
1.558199 0.005915 -0.009818
1.574253 0.005749 -0.011579
1.588203 0.005523 -0.011739
1.603652 0.005350 -0.010618
1.614048 0.005233 -0.011472
1.623435 0.005121 -0.011365
1.634032 0.005006 -0.010618
1.640439 0.004936 -0.011632
1.645810 0.004874 -0.011472
1.652692 0.004800 -0.009338
1.657472 0.004755 -0.010298
1.659762 0.004728 -0.016755
1.661374 0.004697 -0.022731
1.661432 0.004696 -0.022944
1.661432 0.004696 -0.022944
1.661417 0.004696 -0.022998
1.660870 0.004709 -0.024919
1.657387 0.004806 -0.033029
1.653631 0.004938 -0.037885
1.653142 0.004957 -0.042901
1.651991 0.005009 -0.048557
1.649849 0.005119 -0.056721
1.650280 0.005092 -0.062484
1.653153 0.004903 -0.072622
1.656269 0.004665 -0.082066
1.658966 0.004435 -0.090390
1.664227 0.003939 -0.097487
1.671678 0.003197 -0.103037
1.678407 0.002479 -0.112534
1.686246 0.001578 -0.118404
1.699948 -0.000135 -0.129556
1.713451 -0.001929 -0.138093
1.728846 -0.004121 -0.149085
1.750419 -0.007544 -0.162692
1.767489 -0.010401 -0.173257
1.784201 -0.013462 -0.183609
1.805814 -0.017583 -0.196628
1.822904 -0.021040 -0.206393
1.840590 -0.024819 -0.218559
1.865309 -0.030592 -0.235581
1.886401 -0.035750 -0.248494
1.908975 -0.041569 -0.260286
1.939311 -0.049802 -0.271331
1.962754 -0.056378 -0.278001
1.987062 -0.063390 -0.285738
2.020352 -0.073288 -0.292782
2.045730 -0.080996 -0.298971
2.079673 -0.091664 -0.313005
2.103498 -0.099461 -0.323090
2.126654 -0.107306 -0.334402
2.157996 -0.118400 -0.349716
2.182346 -0.127404 -0.362896
2.206099 -0.136521 -0.373514
2.236086 -0.148476 -0.388668
2.257181 -0.157223 -0.401154
2.277678 -0.166016 -0.414227
2.304574 -0.178036 -0.431409
2.325311 -0.187704 -0.445976
2.346648 -0.198021 -0.459956
2.373900 -0.211806 -0.483487
2.392630 -0.221788 -0.503017
2.409294 -0.231078 -0.521639
2.428793 -0.242486 -0.542609
2.443568 -0.251500 -0.558297
2.457741 -0.260446 -0.573451
2.477485 -0.273400 -0.593621
2.492395 -0.283558 -0.607654
2.505893 -0.293124 -0.621581
2.522074 -0.304854 -0.636841
2.533034 -0.313015 -0.646926
2.542498 -0.320218 -0.657171
2.554066 -0.329245 -0.669177
2.564033 -0.337161 -0.676114
2.574872 -0.345901 -0.684064
2.587386 -0.356165 -0.691428
2.595440 -0.362852 -0.695750
2.602638 -0.368878 -0.700125
2.610196 -0.375260 -0.707436
2.615545 -0.379817 -0.705195
2.621068 -0.384524 -0.706582
2.627944 -0.390441 -0.709890
2.637745 -0.398854 -0.709943
2.643074 -0.403434 -0.710477
2.647970 -0.407656 -0.712985
2.651532 -0.410734 -0.711331
2.654631 -0.413403 -0.713999
2.662093 -0.419853 -0.713198
2.667963 -0.424930 -0.713785
2.672283 -0.428674 -0.713625
2.674952 -0.430981 -0.711651
2.675802 -0.431715 -0.712611
2.676281 -0.432129 -0.711651
2.679227 -0.434666 -0.711651
2.682985 -0.437915 -0.716400
2.685696 -0.440284 -0.723550
2.687555 -0.441942 -0.735449
2.686506 -0.440976 -0.756419
2.685411 -0.439934 -0.792010
2.684830 -0.439314 -0.834003
2.685208 -0.439749 -0.866232
2.687123 -0.442051 -0.897714
2.687731 -0.442819 -0.932291
2.687045 -0.441876 -0.960625
2.687069 -0.441928 -0.997443
2.688625 -0.444403 -1.031326
2.688761 -0.444623 -1.051495
2.688274 -0.443758 -1.079722
2.689256 -0.445730 -1.124811
2.690417 -0.448191 -1.143860
2.690585 -0.448573 -1.156079
2.690393 -0.448201 -1.200101
2.691222 -0.450397 -1.227474
2.691996 -0.452597 -1.241774
2.692977 -0.455533 -1.262317
2.693350 -0.456729 -1.282434
2.693579 -0.457517 -1.301056
2.693582 -0.457532 -1.328963
2.693987 -0.459241 -1.353722
2.694380 -0.461071 -1.366955
2.694900 -0.463654 -1.380241
2.694875 -0.463527 -1.398757
2.694749 -0.462774 -1.416632
2.694895 -0.463830 -1.440217
2.694928 -0.464072 -1.444859
2.694808 -0.463115 -1.449928
2.694636 -0.461671 -1.453396
2.694664 -0.461914 -1.446300
2.694567 -0.461157 -1.433867
2.694262 -0.459077 -1.416365
2.694238 -0.458921 -1.406921
2.694312 -0.459361 -1.389152
2.694044 -0.457961 -1.373091
2.693946 -0.457481 -1.356336
2.693692 -0.456343 -1.343690
2.693288 -0.454648 -1.322507
2.693607 -0.455874 -1.309594
2.693589 -0.455820 -1.290278
2.692784 -0.453145 -1.269361
2.691944 -0.450481 -1.254207
2.691868 -0.450248 -1.238039
2.691934 -0.450439 -1.231209
2.691571 -0.449421 -1.221124
2.691239 -0.448516 -1.214241
2.691587 -0.449431 -1.194178
2.691350 -0.448843 -1.183719
2.690850 -0.447632 -1.165844
2.690921 -0.447790 -1.153251
2.691260 -0.448553 -1.148022
2.690414 -0.446692 -1.134042
2.690137 -0.446106 -1.125024
2.689751 -0.445301 -1.121503
2.689199 -0.444160 -1.116700
2.688826 -0.443397 -1.105868
2.689569 -0.444844 -1.085859
2.690991 -0.447529 -1.084952
2.693879 -0.452957 -1.075294
2.697428 -0.459485 -1.069104
2.701227 -0.466400 -1.069104
2.701629 -0.467133 -1.068890
2.702044 -0.467890 -1.067610
2.702600 -0.468899 -1.066649
2.704838 -0.472943 -1.062541
2.707695 -0.478060 -1.061313
2.713595 -0.488602 -1.059019
2.717932 -0.496323 -1.057685
2.722033 -0.503581 -1.054430
2.727389 -0.513025 -1.051015
2.730986 -0.519311 -1.056938
2.737417 -0.530595 -1.048507
2.748097 -0.549119 -1.046853
2.756958 -0.564438 -1.044879
2.766477 -0.580822 -1.043492
2.779151 -0.602568 -1.042531
2.788999 -0.619410 -1.040130
2.799746 -0.637979 -1.039810
2.815735 -0.665524 -1.038316
2.827953 -0.686268 -1.039703
2.840478 -0.707667 -1.043652
2.857265 -0.736548 -1.046960
2.871129 -0.760716 -1.056618
2.883521 -0.782772 -1.063394
2.901158 -0.814763 -1.073586
2.914155 -0.838886 -1.082817
2.926927 -0.863144 -1.092849
2.942905 -0.894385 -1.107202
2.954457 -0.917747 -1.120862
2.965782 -0.941444 -1.132921
2.979918 -0.972186 -1.150850
2.989854 -0.994715 -1.164830
2.999239 -1.016807 -1.179077
3.011221 -1.046534 -1.198500
3.020249 -1.069828 -1.205383
3.028634 -1.091888 -1.212693
3.037630 -1.116226 -1.221231
3.042985 -1.130933 -1.223312
3.047658 -1.143865 -1.226033
3.052708 -1.157994 -1.230622
3.055916 -1.167092 -1.233824
3.058921 -1.175712 -1.238839
3.062257 -1.185452 -1.248391
3.065052 -1.193764 -1.246416
3.066681 -1.198624 -1.251005
3.068151 -1.203112 -1.258262
3.068963 -1.205634 -1.264132
3.069252 -1.206554 -1.269948
3.069075 -1.205976 -1.284461
3.069622 -1.207902 -1.307139
3.069687 -1.208138 -1.313809
3.069263 -1.206492 -1.332591
3.068693 -1.204052 -1.355429
3.068521 -1.203265 -1.360658
3.068911 -1.205169 -1.381522
3.069124 -1.206301 -1.392087
3.069274 -1.207152 -1.401905
3.069719 -1.209822 -1.410763
3.069977 -1.211429 -1.413057
3.070994 -1.217944 -1.421594
3.073228 -1.233436 -1.436375
3.075312 -1.249369 -1.450248
3.077305 -1.266489 -1.464709
3.079761 -1.291003 -1.479916
3.081539 -1.311314 -1.489734
3.083105 -1.331512 -1.500353
3.084996 -1.359931 -1.510171
3.086381 -1.383677 -1.516574
3.087792 -1.410264 -1.520896
3.089680 -1.449109 -1.524257
3.090853 -1.474828 -1.545815
3.092003 -1.508342 -1.530180
3.093415 -1.544859 -1.535303
3.094317 -1.570791 -1.537544
3.095156 -1.596782 -1.541066
3.096132 -1.631441 -1.545121
3.096725 -1.656084 -1.550243
3.097186 -1.679435 -1.551631
3.097583 -1.710202 -1.553178
3.097928 -1.730343 -1.568919
3.098076 -1.758334 -1.556006
3.098348 -1.786237 -1.558247
3.098547 -1.803213 -1.560969
3.098648 -1.815394 -1.565557
3.098673 -1.829188 -1.567158
3.098707 -1.839195 -1.568065
3.098718 -1.848756 -1.572761
3.098656 -1.860865 -1.579217
3.098602 -1.866970 -1.581352
3.098552 -1.871448 -1.583219
3.098453 -1.878143 -1.586367
3.098390 -1.882044 -1.587808
3.098346 -1.884607 -1.588235
3.098327 -1.885658 -1.590209
3.098326 -1.885716 -1.590423
3.098325 -1.885773 -1.590636
3.098316 -1.886219 -1.592184
3.098309 -1.886565 -1.593144
3.098311 -1.886464 -1.593624
3.098309 -1.886536 -1.593784
3.098309 -1.886536 -1.593784
3.098313 -1.886363 -1.594105
3.098358 -1.884578 -1.597946
3.098459 -1.880894 -1.599334
3.098622 -1.875439 -1.599601
3.098672 -1.873726 -1.603389
3.098667 -1.873870 -1.604029
3.098583 -1.876273 -1.608458
3.098568 -1.876676 -1.609525
3.098558 -1.876921 -1.613847
3.098517 -1.877841 -1.614915
3.098420 -1.880042 -1.616142
3.098232 -1.884098 -1.618063
3.097897 -1.891146 -1.618703
3.097862 -1.891879 -1.618650
3.097859 -1.891951 -1.618917
3.097843 -1.892268 -1.620090
3.097797 -1.893203 -1.619717
3.097673 -1.895633 -1.625960
3.097272 -1.902533 -1.629375
3.096971 -1.907693 -1.628575
3.096740 -1.911660 -1.630816
3.096418 -1.916935 -1.633964
3.096162 -1.920843 -1.635885
3.095901 -1.924939 -1.631029
3.095643 -1.929121 -1.636312
3.095344 -1.933430 -1.643675
3.094887 -1.939778 -1.638873
3.094223 -1.949965 -1.631776
3.093672 -1.959164 -1.625907
3.093218 -1.967979 -1.614861
3.092754 -1.979748 -1.605790
3.092426 -1.989332 -1.605470
3.092035 -2.000067 -1.609739
3.091389 -2.015128 -1.620677
3.090759 -2.027020 -1.630442
3.089870 -2.041016 -1.639940
3.088307 -2.063150 -1.641061
3.086894 -2.083345 -1.640527
3.085296 -2.105953 -1.643302
3.082886 -2.139257 -1.642821
3.080886 -2.166527 -1.647784
3.078596 -2.195118 -1.657495
3.074634 -2.237916 -1.671635
3.071076 -2.271812 -1.681720
3.067028 -2.307320 -1.688764
3.060773 -2.355278 -1.696928
3.056385 -2.389439 -1.701837
3.052032 -2.422081 -1.706052
3.046296 -2.463718 -1.711014
3.041762 -2.495535 -1.714429
3.036928 -2.528822 -1.714856
3.030760 -2.571547 -1.711975
3.027458 -2.594886 -1.726222
3.023021 -2.625319 -1.704665
3.019867 -2.649027 -1.699809
3.016126 -2.678785 -1.689191
3.013449 -2.701754 -1.682147
3.010152 -2.732666 -1.669181
3.008060 -2.754467 -1.660270
3.006324 -2.774637 -1.649705
3.004658 -2.797009 -1.636685
3.003685 -2.812385 -1.627507
3.002887 -2.827194 -1.618330
3.002130 -2.844586 -1.606537
3.001809 -2.854574 -1.595972
3.001582 -2.865140 -1.585514
3.001447 -2.878041 -1.574415
3.001442 -2.885701 -1.565131
3.001490 -2.891777 -1.559048
3.001580 -2.898774 -1.556380
3.001657 -2.903756 -1.552965
3.001729 -2.907974 -1.551631
3.001756 -2.909414 -1.551417
3.001756 -2.909399 -1.551364
3.001758 -2.909500 -1.551204
3.001759 -2.909529 -1.550990
3.001759 -2.909529 -1.550990
3.001757 -2.909457 -1.551044
3.001700 -2.906391 -1.553872
3.001633 -2.901697 -1.562089
3.001611 -2.897723 -1.573295
3.001660 -2.893000 -1.600721
3.001766 -2.890296 -1.632203
3.001815 -2.889534 -1.664485
3.001734 -2.890307 -1.714750
3.001461 -2.891882 -1.748739
3.002337 -2.887315 -1.792227
3.002662 -2.885882 -1.851669
3.002495 -2.886464 -1.892542
3.002735 -2.885770 -1.935710
3.001943 -2.887779 -1.993338
3.002329 -2.886958 -2.035011
3.002617 -2.886393 -2.076845
3.003438 -2.884989 -2.128123
3.003204 -2.885352 -2.168142
3.001586 -2.887699 -2.206454
3.000730 -2.888820 -2.257892
2.998242 -2.891751 -2.290815
2.997636 -2.892407 -2.327313
2.994511 -2.895574 -2.377950
2.991555 -2.898336 -2.410766
2.987016 -2.902310 -2.444436
2.981372 -2.906894 -2.482161
2.977724 -2.909685 -2.503238
2.974711 -2.911883 -2.527943
2.970076 -2.915052 -2.566041
2.967209 -2.916876 -2.594535
2.964389 -2.918557 -2.620895
2.957916 -2.922146 -2.656752
2.953348 -2.924503 -2.680177
2.950690 -2.925786 -2.708297
2.949485 -2.926336 -2.739459
2.950190 -2.926044 -2.769713
2.950269 -2.926009 -2.808666
2.947972 -2.926765 -2.836092
2.944947 -2.927706 -2.848365
2.941674 -2.928674 -2.869548
2.942662 -2.928409 -2.888598
2.946182 -2.927529 -2.913570
2.951641 -2.926344 -2.946119
2.954101 -2.925865 -2.960632
2.954299 -2.925831 -2.981549
2.956592 -2.925485 -3.001345
2.960158 -2.925001 -3.016179
2.963260 -2.924622 -3.027972
2.966079 -2.924311 -3.039444
2.970164 -2.923916 -3.054758
2.972962 -2.923682 -3.065163
2.975705 -2.923482 -3.075355
2.978148 -2.923327 -3.083465
2.982432 -2.923091 -3.089441
2.989867 -2.922713 -3.094617
2.992485 -2.922592 -3.094937
2.993003 -2.922567 -3.093016
2.992787 -2.922578 -3.092003
2.992816 -2.922576 -3.090509
2.992183 -2.922609 -3.088481
2.991248 -2.922660 -3.085119
2.989638 -2.922752 -3.082451
2.987353 -2.922889 -3.082078
2.982768 -2.923172 -3.077756
2.982122 -2.923214 -3.075675
2.981490 -2.923256 -3.073434
2.981131 -2.923281 -3.072313
2.979465 -2.923400 -3.067938
2.976593 -2.923613 -3.067724
2.976076 -2.923651 -3.068471
2.976191 -2.923643 -3.068898
2.976205 -2.923642 -3.068951
2.976779 -2.923600 -3.070446
2.977972 -2.923516 -3.071779
2.979509 -2.923409 -3.073860
2.980054 -2.923372 -3.075568
2.980054 -2.923372 -3.075568
2.980457 -2.923346 -3.074394
2.982281 -2.923222 -3.072420
2.983258 -2.923154 -3.072313
2.983143 -2.923162 -3.072313
2.982999 -2.923172 -3.072420
2.981261 -2.923294 -3.069592
2.978246 -2.923518 -3.062869
2.974314 -2.923847 -3.047501
2.973698 -2.923904 -3.030586
2.976028 -2.923623 -3.000972
2.975162 -2.923770 -2.958978
2.973988 -2.923992 -2.923815
2.975491 -2.923652 -2.891639
2.974894 -2.923818 -2.848685
2.973467 -2.924272 -2.816243
2.973629 -2.924211 -2.788496
2.971997 -2.924863 -2.750824
2.968268 -2.926432 -2.726759
2.964146 -2.928289 -2.703601
2.956859 -2.931808 -2.672653
2.952505 -2.934047 -2.654618
2.946649 -2.937202 -2.635302
2.937939 -2.942129 -2.615505
2.930681 -2.946376 -2.606328
2.921269 -2.951958 -2.593948
2.906724 -2.960961 -2.578154
2.894195 -2.968924 -2.570203
2.881303 -2.977255 -2.563800
2.864448 -2.988312 -2.556970
2.850394 -2.997654 -2.551208
2.836491 -3.006989 -2.548166
2.818600 -3.019089 -2.546352
2.804308 -3.028774 -2.546299
2.788364 -3.039562 -2.548486
2.765212 -3.055089 -2.554356
2.747581 -3.066775 -2.559959
2.730076 -3.078233 -2.566735
2.708075 -3.092364 -2.590427
2.686258 -3.105898 -2.588452
2.666826 -3.117783 -2.601152
2.640924 -3.133076 -2.621161
2.621136 -3.144271 -2.638396
2.601754 -3.154773 -2.657766
2.572894 -3.169588 -2.684179
2.551296 -3.180060 -2.703228
2.530240 -3.189757 -2.723077
2.502463 -3.201775 -2.749650
2.481540 -3.210259 -2.769607
2.460720 -3.218217 -2.789456
2.433957 -3.227744 -2.816082
2.414326 -3.234238 -2.834331
2.396205 -3.239873 -2.852900
2.373300 -3.246450 -2.878353
2.356575 -3.250846 -2.898149
2.340662 -3.254691 -2.918158
2.320981 -3.258983 -2.950441
2.303531 -3.262332 -2.961219
2.287082 -3.265233 -2.977974
2.264806 -3.268722 -2.999638
2.247872 -3.271040 -3.015806
2.231025 -3.273006 -3.031707
2.211245 -3.275044 -3.051076
2.196484 -3.276321 -3.064042
2.180588 -3.277495 -3.075515
2.160136 -3.278747 -3.089441
2.145970 -3.279439 -3.100593
2.134474 -3.279875 -3.117188
2.115371 -3.280294 -3.123965
2.102269 -3.280478 -3.133890
2.089699 -3.280531 -3.145042
2.075531 -3.280417 -3.157634
2.065872 -3.280225 -3.167292
2.049867 -3.279749 -3.179352
2.036847 -3.279214 -3.188369
2.024695 -3.278610 -3.197494
2.011731 -3.277825 -3.209980
2.004176 -3.277289 -3.218197
1.997947 -3.276791 -3.227588
1.989428 -3.276022 -3.237193
1.979584 -3.275057 -3.244183
1.968931 -3.273924 -3.253894
1.954429 -3.272232 -3.265633
1.945187 -3.271057 -3.273050
1.938537 -3.270161 -3.281054
1.930300 -3.268970 -3.291726
1.924479 -3.268078 -3.297542
1.916418 -3.266786 -3.305706
1.903003 -3.264505 -3.316538
1.894443 -3.262967 -3.325929
1.888063 -3.261756 -3.336548
1.881755 -3.260480 -3.346846
1.873560 -3.258730 -3.354850
1.861943 -3.256181 -3.363494
1.845820 -3.252467 -3.374112
1.833710 -3.249559 -3.383344
1.823062 -3.246909 -3.390280
1.810809 -3.243739 -3.401646
1.801214 -3.241161 -3.408156
1.788526 -3.237666 -3.415946
1.770113 -3.232404 -3.426938
1.754691 -3.227836 -3.434568
1.740076 -3.223388 -3.442412
1.722987 -3.218020 -3.451803
1.711601 -3.214341 -3.458153
1.702289 -3.211269 -3.464610
1.687542 -3.206290 -3.470746
1.674659 -3.201864 -3.476509
1.661534 -3.197259 -3.483765
1.646819 -3.191969 -3.491876
1.637105 -3.188389 -3.499506
1.627950 -3.184917 -3.504415
1.617371 -3.180856 -3.513647
1.610252 -3.178067 -3.518609
1.601246 -3.174449 -3.524158
1.588098 -3.169132 -3.527627
1.579616 -3.165678 -3.530508
1.571549 -3.162352 -3.534990
1.561650 -3.158221 -3.535897
1.555244 -3.155550 -3.539099
1.550220 -3.153418 -3.555800
1.541813 -3.149543 -3.604517
1.534352 -3.145695 -3.649606
1.528079 -3.142105 -3.697309
1.521985 -3.138088 -3.768543
1.517336 -3.134592 -3.823183
1.511766 -3.129897 -3.877930
1.503620 -3.122085 -3.951779
1.497094 -3.114962 -4.007219
1.491028 -3.107555 -4.065647
1.483920 -3.097542 -4.143498
1.478533 -3.088787 -4.202086
1.473331 -3.079030 -4.261635
1.466074 -3.062784 -4.341034
1.461349 -3.049934 -4.400636
1.457430 -3.037025 -4.451060
1.453795 -3.022218 -4.503619
1.451561 -3.011050 -4.531632
1.449276 -2.998060 -4.547533
1.446124 -2.978631 -4.555164
1.443627 -2.962888 -4.553403
1.440997 -2.946233 -4.541717
1.436994 -2.924322 -4.511356
1.434063 -2.910314 -4.471550
1.430347 -2.896300 -4.417070
1.422881 -2.874329 -4.330949
1.414936 -2.855459 -4.252617
1.405172 -2.837093 -4.164095
1.390138 -2.814915 -4.032724
1.377611 -2.800283 -3.921417
1.363670 -2.787572 -3.795223
1.340609 -2.772224 -3.624687
1.320953 -2.762926 -3.501481
1.300151 -2.756022 -3.383077
1.272306 -2.750720 -3.253521
1.253543 -2.748950 -3.204484
1.234085 -2.748015 -3.154700
1.205291 -2.748689 -3.059560
1.182996 -2.751007 -2.995476
1.163344 -2.754299 -2.934326
1.139891 -2.759960 -2.851513
1.124959 -2.764738 -2.792764
1.112030 -2.769706 -2.736737
1.098788 -2.775780 -2.666730
1.090548 -2.780187 -2.617693
1.082388 -2.785084 -2.569083
1.072699 -2.791650 -2.505852
1.067440 -2.795628 -2.463058
1.064394 -2.798136 -2.421011
1.062580 -2.799800 -2.370800
1.060026 -2.802337 -2.339852
1.056185 -2.806394 -2.309117
1.051045 -2.812189 -2.273260
1.049998 -2.813435 -2.259013
1.050062 -2.813357 -2.257892
1.051550 -2.811542 -2.256772
1.054214 -2.808289 -2.259333
1.056791 -2.805169 -2.266857
1.057031 -2.804882 -2.272940
1.055919 -2.806186 -2.281637
1.053836 -2.808592 -2.290228
1.050226 -2.812665 -2.307730
1.049325 -2.813655 -2.322510
1.049126 -2.813864 -2.331261
1.049007 -2.813989 -2.337771
1.046971 -2.816066 -2.358688
1.043661 -2.819313 -2.376616
1.041326 -2.821537 -2.388569
1.037978 -2.824640 -2.404950
1.033561 -2.828600 -2.421705
1.025749 -2.835327 -2.444329
1.019222 -2.840742 -2.458683
1.013739 -2.845160 -2.474210
1.007328 -2.850121 -2.494754
1.000233 -2.855420 -2.509001
0.989372 -2.863253 -2.529597
0.980313 -2.869545 -2.543577
0.971099 -2.875762 -2.557664
0.962047 -2.881678 -2.572871
0.949865 -2.889355 -2.589840
0.939820 -2.895477 -2.602592
0.926969 -2.903052 -2.620628
0.917301 -2.908537 -2.634928
0.907153 -2.914108 -2.647307
0.889069 -2.923711 -2.663849
0.874643 -2.931111 -2.676121
0.860347 -2.938225 -2.688127
0.842248 -2.946904 -2.704882
0.828903 -2.953070 -2.717208
0.815863 -2.958899 -2.728734
0.798054 -2.966508 -2.743087
0.783655 -2.972494 -2.754986
0.769096 -2.978357 -2.765658
0.748774 -2.986247 -2.780705
0.733449 -2.991966 -2.790950
0.718097 -2.997441 -2.800768
0.702463 -3.002941 -2.813948
0.688623 -3.007725 -2.801089
0.677355 -3.011751 -2.791110
0.662749 -3.017213 -2.769286
0.651263 -3.021723 -2.743727
0.638265 -3.027253 -2.714220
0.618776 -3.036355 -2.677722
0.603175 -3.044334 -2.649815
0.589849 -3.051627 -2.622122
0.573492 -3.061247 -2.590533
0.560127 -3.069612 -2.567215
0.545836 -3.079013 -2.545658
0.524398 -3.093857 -2.522127
0.506970 -3.106419 -2.508147
0.489661 -3.119241 -2.495020
0.466476 -3.136922 -2.481200
0.448393 -3.151080 -2.469195
0.430745 -3.165208 -2.463325
0.410096 -3.181762 -2.485416
0.391644 -3.196079 -2.483175
0.376322 -3.207852 -2.493420
0.356040 -3.222974 -2.513536
0.340864 -3.233883 -2.528904
0.326301 -3.244013 -2.543631
0.305984 -3.257638 -2.563213
0.290826 -3.267423 -2.579701
0.275659 -3.276871 -2.595122
0.258271 -3.287267 -2.616839
0.247101 -3.293666 -2.631140
0.238255 -3.298555 -2.648641
0.227288 -3.304337 -2.669505
0.219146 -3.308433 -2.687914
0.212659 -3.311555 -2.703708
0.205436 -3.314873 -2.720463
0.197513 -3.318389 -2.731241
0.188781 -3.322139 -2.746502
0.178214 -3.326465 -2.765551
0.172938 -3.328511 -2.782039
0.169105 -3.329937 -2.794419
0.166828 -3.330751 -2.804557
0.165318 -3.331276 -2.814215
0.164759 -3.331465 -2.824513
0.165759 -3.331143 -2.845163
0.165401 -3.331252 -2.862025
0.165623 -3.331190 -2.870989
0.167610 -3.330651 -2.883422
0.169811 -3.330076 -2.891426
0.172604 -3.329373 -2.901564
0.176257 -3.328492 -2.910048
0.178375 -3.327998 -2.917358
0.180327 -3.327556 -2.922000
0.182323 -3.327114 -2.927550
0.182647 -3.327044 -2.928777
0.184111 -3.326730 -2.934113
0.186860 -3.326157 -2.938648
0.189667 -3.325584 -2.944251
0.193665 -3.324793 -2.948573
0.194866 -3.324558 -2.951508
0.194541 -3.324621 -2.952629
0.193112 -3.324892 -2.956737
0.190153 -3.325441 -2.961059
0.187887 -3.325855 -2.961913
0.187717 -3.325886 -2.962553
0.187348 -3.325952 -2.963620
0.185406 -3.326300 -2.965168
0.180799 -3.327118 -2.966822
0.172374 -3.328592 -2.971091
0.167463 -3.329433 -2.973972
0.164027 -3.330012 -2.976427
0.158544 -3.330922 -2.977280
0.155760 -3.331384 -2.977067
0.149367 -3.332442 -2.978561
0.135497 -3.334703 -2.981869
0.122262 -3.336834 -2.982563
0.101760 -3.340117 -2.983844
0.085448 -3.342703 -2.984644
0.069318 -3.345242 -2.985925
0.050243 -3.348238 -2.986191
0.037048 -3.350250 -2.987099
0.019178 -3.353029 -2.988699
-0.000562 -3.356064 -2.989286
-0.028261 -3.360293 -2.990567
-0.049801 -3.363557 -2.991901
-0.077368 -3.367696 -2.994569
-0.096983 -3.370591 -2.997077
-0.116036 -3.373352 -2.998624
-0.135407 -3.376124 -3.001132
-0.164528 -3.380180 -3.004974
-0.188966 -3.383519 -3.007162
-0.215139 -3.387036 -3.010043
-0.246204 -3.391116 -3.029039
-0.274821 -3.394586 -3.015806
-0.297707 -3.397469 -3.017727
-0.327695 -3.400989 -3.022582
-0.351973 -3.403877 -3.024823
-0.389276 -3.408204 -3.028985
-0.417608 -3.411380 -3.031013
-0.445345 -3.414443 -3.033254
-0.480979 -3.418267 -3.036723
-0.502733 -3.420534 -3.055452
-0.531847 -3.423281 -3.043339
-0.564681 -3.426475 -3.047554
-0.589571 -3.428602 -3.050916
-0.614999 -3.430878 -3.054598
-0.651471 -3.433965 -3.061001
-0.679490 -3.436175 -3.066444
-0.705410 -3.438084 -3.070659
-0.737848 -3.440298 -3.077596
-0.758873 -3.441610 -3.081811
-0.777789 -3.442720 -3.085333
-0.802489 -3.444075 -3.089068
-0.820032 -3.444986 -3.090775
-0.833205 -3.445648 -3.101020
-0.854194 -3.446546 -3.093603
-0.867256 -3.447114 -3.094884
-0.879239 -3.447629 -3.094510
-0.892745 -3.448261 -3.094244
-0.899605 -3.448585 -3.094510
-0.904323 -3.448808 -3.094297
-0.908106 -3.448985 -3.094991
-0.910378 -3.449091 -3.095097
-0.912939 -3.449210 -3.094777
-0.916103 -3.449358 -3.094030
-0.917268 -3.449412 -3.092696
-0.917268 -3.449412 -3.092590
-0.917254 -3.449412 -3.092536
-0.917254 -3.449412 -3.092536
-0.917239 -3.449411 -3.092483
-0.917225 -3.449410 -3.092429
-0.917225 -3.449410 -3.092429
-0.917210 -3.449410 -3.092376
-0.915326 -3.449318 -3.093283
-0.912608 -3.449187 -3.093550
-0.912162 -3.449165 -3.092429
-0.912234 -3.449169 -3.092483
-0.912292 -3.449171 -3.092269
-0.912349 -3.449174 -3.091949
-0.912306 -3.449172 -3.092003
-0.912493 -3.449181 -3.091949
-0.913529 -3.449233 -3.091843
-0.915858 -3.449348 -3.092803
-0.916851 -3.449397 -3.091682
-0.916808 -3.449394 -3.091629
-0.917354 -3.449422 -3.090775
-0.917843 -3.449447 -3.092269
-0.920000 -3.449551 -3.093550
-0.925106 -3.449796 -3.093710
-0.928357 -3.449951 -3.094137
-0.928802 -3.449972 -3.094724
-0.929119 -3.449987 -3.094937
-0.929780 -3.450018 -3.095578
-0.930111 -3.450033 -3.095311
-0.933161 -3.450176 -3.094030
-0.936641 -3.450342 -3.094350
-0.938353 -3.450422 -3.094937
-0.938281 -3.450419 -3.094884
-0.938281 -3.450419 -3.094884
-0.938281 -3.450419 -3.094884
-0.937001 -3.450359 -3.094084
-0.934182 -3.450224 -3.092910
-0.931205 -3.450075 -3.092643
-0.929378 -3.449986 -3.093123
-0.927581 -3.449899 -3.094564
-0.924301 -3.449745 -3.094350
-0.918218 -3.449450 -3.095258
-0.916463 -3.449368 -3.094831
-0.914967 -3.449297 -3.093763
-0.914536 -3.449276 -3.093657
-0.914162 -3.449258 -3.093763
-0.913399 -3.449222 -3.093924
-0.913011 -3.449204 -3.093550
-0.912939 -3.449200 -3.093497
-0.911702 -3.449140 -3.093177
-0.910854 -3.449099 -3.093337
-0.910940 -3.449104 -3.093230
-0.910940 -3.449104 -3.093230
-0.911501 -3.449131 -3.092750
-0.913543 -3.449231 -3.092216
-0.914492 -3.449278 -3.092109
-0.914449 -3.449276 -3.092163
-0.914262 -3.449267 -3.092536
-0.914363 -3.449272 -3.092590
-0.914363 -3.449272 -3.092483
-0.914363 -3.449272 -3.092483
-0.914363 -3.449272 -3.092483
-0.914348 -3.449271 -3.092429
-0.914348 -3.449271 -3.092429
-0.914435 -3.449275 -3.092323
-0.914464 -3.449277 -3.092323
-0.914449 -3.449276 -3.092269
-0.914435 -3.449275 -3.092323
-0.915542 -3.449330 -3.092269
-0.917052 -3.449405 -3.091362
-0.916405 -3.449372 -3.091309
-0.915916 -3.449347 -3.091309
-0.915557 -3.449329 -3.091789
-0.913946 -3.449249 -3.092963
-0.913543 -3.449229 -3.092536
-0.913399 -3.449222 -3.092643
-0.913443 -3.449224 -3.092696
-0.913428 -3.449224 -3.092750
-0.913428 -3.449224 -3.092750
-0.913428 -3.449224 -3.092750
-0.913673 -3.449235 -3.092376
-0.915370 -3.449319 -3.092696
-0.917599 -3.449428 -3.091789
-0.916952 -3.449396 -3.091736
-0.916793 -3.449388 -3.091789
-0.915010 -3.449299 -3.092429
-0.913227 -3.449212 -3.092856
-0.913601 -3.449231 -3.092429
-0.914262 -3.449263 -3.092429
-0.915801 -3.449338 -3.092590
-0.918505 -3.449472 -3.092163
-0.923855 -3.449726 -3.093657
-0.927278 -3.449889 -3.093977
-0.929091 -3.449975 -3.094724
-0.932097 -3.450117 -3.095311
-0.934369 -3.450224 -3.093497
