0.014658 -0.163502 6.315002
0.014629 -0.163503 6.315109
0.014313 -0.163513 6.315429
0.014039 -0.163522 6.315696
0.011305 -0.163611 6.315802
0.007822 -0.163726 6.315589
0.006340 -0.163773 6.314788
0.004498 -0.163831 6.314148
0.004627 -0.163827 6.314095
0.004282 -0.163838 6.314202
0.004311 -0.163837 6.314202
0.004397 -0.163834 6.313988
0.005217 -0.163809 6.313615
0.006901 -0.163758 6.313668
0.008427 -0.163711 6.313454
0.009880 -0.163666 6.315215
0.009837 -0.163668 6.315055
0.009952 -0.163664 6.315482
0.009924 -0.163665 6.315589
0.009405 -0.163682 6.316229
0.009161 -0.163690 6.316816
0.009118 -0.163692 6.316656
0.009118 -0.163692 6.316656
0.008916 -0.163698 6.316656
0.008297 -0.163719 6.316283
0.007707 -0.163738 6.315802
0.007477 -0.163746 6.314949
0.007621 -0.163741 6.315055
0.008974 -0.163698 6.314735
0.012759 -0.163580 6.315749
0.018141 -0.163405 6.315962
0.019307 -0.163366 6.316336
0.020113 -0.163339 6.317403
0.020588 -0.163323 6.317243
0.023394 -0.163227 6.317190
0.026934 -0.163108 6.316016
0.028733 -0.163050 6.315429
0.029121 -0.163037 6.315696
0.030287 -0.162999 6.315429
0.001771 -0.000000 -0.000800
0.002822 -0.000001 -0.000960
0.002981 -0.000001 -0.001121
0.003110 -0.000002 -0.001174
0.003197 -0.000002 -0.001174
0.003197 -0.000002 -0.001174
0.003182 -0.000002 -0.001227
0.003139 -0.000002 -0.001174
0.002289 -0.000001 -0.000053
-0.001310 0.000001 -0.000587
-0.002981 0.000001 0.000907
-0.002649 0.000001 0.000320
-0.002347 0.000001 0.000587
-0.001541 0.000002 0.001121
0.000461 0.000004 0.000854
0.006710 0.000008 0.001174
0.011894 0.000016 0.001707
0.013765 0.000020 0.002028
0.015824 0.000024 0.002935
0.018906 0.000034 0.002935
0.022794 0.000045 0.003255
0.029633 0.000066 -0.001601
0.037970 0.000074 0.003895
0.043485 0.000096 0.000747
0.050223 0.000115 0.005122
0.055983 0.000145 0.004696
0.064017 0.000181 0.005443
0.078459 0.000263 0.006456
0.087718 0.000323 0.006403
0.099539 0.000401 0.006883
0.117163 0.000536 0.008271
0.130928 0.000652 0.008271
0.144765 0.000772 0.009498
0.164980 0.000967 0.009818
0.182402 0.001145 0.011312
0.202458 0.001376 0.012433
0.227150 0.001704 0.014514
0.244917 0.001966 0.015474
0.262956 0.002242 0.015314
0.290729 0.002673 0.015688
0.313548 0.003040 0.015848
0.336339 0.003397 0.014834
0.365882 0.003830 0.014514
0.387018 0.004133 0.013873
0.408802 0.004420 0.012113
0.440606 0.004821 0.012806
0.468005 0.005166 0.011899
0.494181 0.005478 0.010832
0.529428 0.005847 0.009124
0.553804 0.006067 0.007897
0.578944 0.006263 0.008537
0.614263 0.006559 0.007310
0.642225 0.006749 0.007203
0.668114 0.006938 0.007203
0.698466 0.007169 0.008804
0.719142 0.007346 0.008484
0.740337 0.007527 0.009338
0.770746 0.007828 0.010832
0.794935 0.008085 0.010192
0.818375 0.008324 0.009978
0.847057 0.008594 0.008698
0.866336 0.008753 0.007364
0.884334 0.008890 0.007577
0.908524 0.009075 0.007364
0.927674 0.009215 0.006403
0.946839 0.009342 0.006563
0.971864 0.009493 0.004962
0.990049 0.009582 0.005016
1.006781 0.009654 0.004162
1.028264 0.009740 0.003415
1.044607 0.009800 0.002721
1.064736 0.009863 -0.008164
1.086881 0.009827 0.002615
1.105816 0.009874 0.002134
1.124117 0.009912 0.001974
1.147400 0.009950 0.000640
1.164391 0.009961 0.000000
1.189128 0.009964 -0.000747
1.208265 0.009944 -0.002188
1.226983 0.009896 -0.002935
1.245054 0.009831 -0.003949
1.266825 0.009731 -0.006190
1.281353 0.009632 -0.007951
1.300417 0.009481 -0.008271
1.316154 0.009340 -0.009284
1.334541 0.009161 -0.010192
1.357621 0.008930 -0.010565
1.372322 0.008778 -0.009765
1.384747 0.008655 -0.009925
1.401320 0.008484 -0.010512
1.414811 0.008351 -0.009498
1.429770 0.008137 -0.009765
1.449567 0.007948 -0.009711
1.463015 0.007760 -0.009818
1.476131 0.007633 -0.009978
1.493726 0.007450 -0.010405
1.505374 0.007328 -0.010458
1.515827 0.007219 -0.010138
1.526813 0.007118 -0.008271
1.534099 0.007059 -0.007844
1.543731 0.006986 -0.008004
1.559325 0.006875 -0.006777
1.569620 0.006807 -0.006617
1.577035 0.006758 -0.005283
1.583328 0.006729 -0.006617
1.587763 0.006706 -0.003949
1.590873 0.006694 -0.003842
1.596747 0.006671 -0.004055
1.603241 0.006642 -0.005496
1.609073 0.006606 -0.009071
1.612456 0.006566 -0.019156
1.613133 0.006552 -0.022838
1.612442 0.006570 -0.031268
1.613894 0.006494 -0.057041
1.616410 0.006344 -0.066485
1.617530 0.006267 -0.071074
1.617559 0.006270 -0.083774
1.616311 0.006379 -0.106772
1.617455 0.006245 -0.127048
1.620039 0.005900 -0.139694
1.620081 0.005894 -0.142842
1.619782 0.005936 -0.158157
1.623359 0.005325 -0.176512
1.624578 0.005107 -0.178433
1.626362 0.004781 -0.185156
1.631607 0.003767 -0.196308
1.637070 0.002668 -0.204152
1.640241 0.002004 -0.210715
1.645672 0.000824 -0.219359
1.650953 -0.000369 -0.227577
1.656939 -0.001773 -0.234994
1.666496 -0.004092 -0.243264
1.675673 -0.006389 -0.250575
1.685696 -0.008982 -0.257778
1.699276 -0.012601 -0.265995
1.710023 -0.015552 -0.271758
1.722564 -0.019090 -0.280989
1.742713 -0.024986 -0.288886
1.757056 -0.029289 -0.306815
1.776733 -0.035451 -0.304467
1.798212 -0.042267 -0.311457
1.814676 -0.047604 -0.317327
1.833424 -0.053786 -0.320155
1.861700 -0.063214 -0.324530
1.885570 -0.071286 -0.328586
1.909715 -0.079533 -0.331147
1.940260 -0.090071 -0.333815
1.961818 -0.097561 -0.335576
1.981677 -0.104501 -0.337443
2.005854 -0.113009 -0.339364
2.020473 -0.118182 -0.353184
2.042661 -0.126223 -0.346408
2.071925 -0.136799 -0.347848
2.094109 -0.144849 -0.350463
2.114394 -0.152309 -0.355639
2.139080 -0.161524 -0.360761
2.156366 -0.168083 -0.369085
2.173681 -0.174844 -0.379277
2.199169 -0.185136 -0.391603
2.216464 -0.192445 -0.414547
2.239231 -0.202375 -0.414494
2.263488 -0.213207 -0.429274
2.279242 -0.220580 -0.440480
2.293736 -0.227484 -0.452592
2.311736 -0.236366 -0.477885
2.329831 -0.245698 -0.481300
2.345177 -0.253795 -0.493839
2.363484 -0.263773 -0.507926
2.376131 -0.270865 -0.517477
2.387747 -0.277527 -0.525908
2.401480 -0.285562 -0.543783
2.416140 -0.294377 -0.542289
2.428286 -0.301728 -0.558724
2.450426 -0.315450 -0.555149
2.464081 -0.324003 -0.553815
2.477253 -0.332241 -0.552054
2.491966 -0.341191 -0.537220
2.502724 -0.347580 -0.534392
2.514656 -0.354700 -0.533271
2.530024 -0.363762 -0.541329
2.543534 -0.371806 -0.534605
2.553532 -0.377784 -0.537220
2.565575 -0.384971 -0.539568
2.573082 -0.389475 -0.543196
2.580228 -0.393797 -0.545010
2.590709 -0.400173 -0.549706
2.599640 -0.405661 -0.554295
2.608499 -0.411155 -0.557070
2.616961 -0.416443 -0.562672
2.620257 -0.418532 -0.567528
2.625351 -0.421764 -0.563526
2.629161 -0.424172 -0.563899
2.634558 -0.427600 -0.563579
2.642379 -0.432555 -0.567368
2.645439 -0.434505 -0.567688
2.647006 -0.435502 -0.566247
2.650019 -0.437418 -0.566674
2.652776 -0.439174 -0.569502
2.653479 -0.439625 -0.567688
2.653479 -0.439625 -0.567688
2.653698 -0.439764 -0.568755
2.655140 -0.440690 -0.575318
2.657236 -0.442062 -0.589619
2.657643 -0.442334 -0.608401
2.655626 -0.440896 -0.640310
2.654165 -0.439774 -0.693242
2.655097 -0.440567 -0.719335
2.653185 -0.438860 -0.762342
2.651741 -0.437434 -0.807004
2.651048 -0.436702 -0.843288
2.650390 -0.435939 -0.877971
2.648820 -0.433986 -0.918204
2.647528 -0.432255 -0.953528
2.647728 -0.432555 -0.982289
2.647941 -0.432863 -1.020494
2.646726 -0.430821 -1.051602
2.644868 -0.427522 -1.078015
2.644394 -0.426632 -1.114513
2.644448 -0.426750 -1.141139
2.644779 -0.427485 -1.164937
2.644453 -0.426685 -1.197166
2.643637 -0.424546 -1.221444
2.643284 -0.423571 -1.244389
2.644314 -0.426719 -1.270748
2.645144 -0.429476 -1.288890
2.645606 -0.431111 -1.310981
2.645429 -0.430413 -1.335846
2.645414 -0.430358 -1.352601
2.645662 -0.431512 -1.370636
2.646260 -0.434594 -1.390699
2.646935 -0.438422 -1.406174
2.647252 -0.440355 -1.418019
2.647319 -0.440811 -1.429652
2.647500 -0.442094 -1.430719
2.647755 -0.443890 -1.426343
2.647897 -0.444859 -1.422608
2.648199 -0.446852 -1.415031
2.648384 -0.448003 -1.404733
2.648543 -0.448897 -1.375972
2.648735 -0.449827 -1.351427
2.649413 -0.452700 -1.316477
2.650946 -0.458132 -1.256501
2.652027 -0.461307 -1.214294
2.653169 -0.464246 -1.176463
2.656367 -0.471569 -1.137670
2.659182 -0.477533 -1.115686
2.663003 -0.485234 -1.100159
2.669321 -0.497430 -1.080843
2.674426 -0.506914 -1.069317
2.678533 -0.514367 -1.068944
2.686957 -0.529436 -1.052456
2.693143 -0.540230 -1.046373
2.700269 -0.552510 -1.042744
2.710449 -0.570059 -1.039169
2.718946 -0.584489 -1.037942
2.726111 -0.596629 -1.048240
2.738671 -0.618141 -1.040450
2.747955 -0.634012 -1.044345
2.757807 -0.651019 -1.050161
2.770750 -0.673756 -1.059713
2.780466 -0.691435 -1.068197
2.790022 -0.708955 -1.079402
2.801673 -0.731005 -1.094556
2.810130 -0.747575 -1.106936
2.818867 -0.765229 -1.118675
2.831059 -0.790729 -1.134629
2.841301 -0.812977 -1.148129
2.851355 -0.835564 -1.160135
2.864317 -0.865788 -1.174968
2.873567 -0.888140 -1.184893
2.882333 -0.909974 -1.196632
2.893550 -0.938998 -1.211306
2.901503 -0.960359 -1.220964
2.909366 -0.982075 -1.229288
2.920571 -1.014156 -1.243588
2.928145 -1.036796 -1.257355
2.934404 -1.056442 -1.273149
2.941084 -1.078686 -1.288997
2.945197 -1.093100 -1.299722
2.949565 -1.109132 -1.321279
2.953665 -1.125086 -1.321813
2.957009 -1.138335 -1.327736
2.960302 -1.151686 -1.332805
2.963983 -1.166987 -1.337127
2.966532 -1.177718 -1.340115
2.968939 -1.188054 -1.345718
2.971679 -1.200144 -1.353241
2.973624 -1.209035 -1.359644
2.975904 -1.219943 -1.373518
2.977740 -1.229356 -1.385897
2.979635 -1.239695 -1.396569
2.982425 -1.256060 -1.411029
2.984327 -1.268165 -1.422181
2.986029 -1.279820 -1.433387
2.988462 -1.298017 -1.446033
2.990420 -1.313981 -1.454944
2.992421 -1.331650 -1.463962
2.995150 -1.357859 -1.471539
2.997236 -1.379284 -1.477675
2.999004 -1.398584 -1.482691
3.001085 -1.422612 -1.486479
3.002535 -1.440061 -1.490534
3.004007 -1.458549 -1.493843
3.006063 -1.485685 -1.498325
3.007552 -1.506582 -1.502220
3.008736 -1.524167 -1.519295
3.010448 -1.553664 -1.512358
3.011471 -1.571330 -1.514973
3.012314 -1.586772 -1.519242
3.013226 -1.605656 -1.527085
3.013827 -1.620028 -1.532795
3.014347 -1.634749 -1.540105
3.014965 -1.656396 -1.545121
3.015317 -1.670819 -1.548109
3.015580 -1.683560 -1.554245
3.015757 -1.696546 -1.562249
3.015825 -1.706452 -1.567158
3.015845 -1.715941 -1.572121
3.015788 -1.729246 -1.581298
3.015668 -1.739382 -1.585567
3.015494 -1.748567 -1.591010
3.015285 -1.757463 -1.599761
3.015127 -1.762673 -1.604456
3.014899 -1.769206 -1.607765
3.014407 -1.781522 -1.615555
3.013937 -1.791734 -1.619397
3.013414 -1.802088 -1.625480
3.012706 -1.814566 -1.631883
3.012225 -1.822168 -1.637592
3.011628 -1.830643 -1.641541
3.010644 -1.844344 -1.645596
3.009822 -1.855040 -1.651412
3.009096 -1.863952 -1.653280
3.008211 -1.874628 -1.654027
3.007516 -1.882618 -1.658029
3.006845 -1.890249 -1.658242
3.005687 -1.903315 -1.659683
3.004703 -1.914228 -1.662724
3.004003 -1.921813 -1.663525
3.003284 -1.929469 -1.665446
3.002955 -1.932923 -1.665926
3.002782 -1.934729 -1.665926
3.002627 -1.936349 -1.666620
3.002301 -1.939702 -1.668114
3.001733 -1.945521 -1.667367
3.000993 -1.953102 -1.666673
3.000715 -1.955997 -1.666246
3.000697 -1.956183 -1.666300
3.000760 -1.955524 -1.665552
3.000889 -1.954162 -1.664539
3.000940 -1.953617 -1.664325
3.001002 -1.952958 -1.663578
3.001359 -1.949087 -1.661444
3.001819 -1.944025 -1.661497
3.002270 -1.939063 -1.661711
3.002388 -1.937773 -1.661070
3.002235 -1.939465 -1.661284
3.001916 -1.942992 -1.662778
3.001277 -1.950178 -1.656321
3.000656 -1.957437 -1.654721
3.000079 -1.964368 -1.652853
2.999990 -1.965444 -1.653013
2.999951 -1.965918 -1.652426
2.999885 -1.966722 -1.652319
2.999648 -1.969649 -1.650078
2.999267 -1.974516 -1.647250
2.998788 -1.980819 -1.645596
2.998579 -1.983619 -1.645116
2.998587 -1.983504 -1.644689
2.998594 -1.983418 -1.644796
2.998583 -1.983561 -1.644369
2.998577 -1.983647 -1.643729
2.998613 -1.983145 -1.642821
2.998593 -1.983432 -1.641861
2.998591 -1.983461 -1.641754
2.998653 -1.982570 -1.639193
2.998806 -1.980315 -1.637325
2.998835 -1.979884 -1.636899
2.998821 -1.980099 -1.636525
2.998708 -1.981823 -1.635031
2.998430 -1.986177 -1.634978
2.998355 -1.987341 -1.637165
2.998060 -1.991795 -1.636418
2.997411 -2.001724 -1.635938
2.996034 -2.022586 -1.638179
2.994617 -2.043214 -1.641167
2.992974 -2.066569 -1.639140
2.990587 -2.103324 -1.628895
2.988966 -2.132941 -1.619397
2.987510 -2.164456 -1.613474
2.985715 -2.207428 -1.611286
2.984379 -2.241355 -1.608191
2.982769 -2.285933 -1.604029
2.981688 -2.319970 -1.599067
2.980781 -2.354213 -1.594105
2.979799 -2.399919 -1.588715
2.979335 -2.428036 -1.605203
2.978530 -2.466787 -1.577883
2.978338 -2.508155 -1.570680
2.978405 -2.535844 -1.563903
2.978623 -2.559544 -1.556326
2.979144 -2.588495 -1.547842
2.979529 -2.609499 -1.541279
2.980139 -2.629217 -1.535623
2.981060 -2.653490 -1.528419
2.981736 -2.668637 -1.521963
2.982354 -2.681754 -1.516307
2.983146 -2.695656 -1.509530
2.983782 -2.705729 -1.504675
2.984466 -2.715872 -1.501260
2.985275 -2.727189 -1.495390
2.985660 -2.732229 -1.492349
2.985996 -2.736449 -1.488934
2.986129 -2.738041 -1.484612
2.986135 -2.738113 -1.484238
2.986237 -2.739289 -1.482637
2.986620 -2.743549 -1.478742
2.986742 -2.744868 -1.475434
2.986738 -2.744825 -1.475060
2.986650 -2.743922 -1.471485
2.986567 -2.743091 -1.468604
2.986449 -2.741960 -1.464602
2.986274 -2.740342 -1.460813
2.986148 -2.739211 -1.457238
2.986081 -2.738625 -1.455478
2.986011 -2.738024 -1.454944
2.985971 -2.737681 -1.453557
2.985941 -2.737423 -1.452596
2.985963 -2.737609 -1.451262
2.985991 -2.737838 -1.450195
2.986015 -2.738038 -1.449661
2.986663 -2.743268 -1.445713
2.987340 -2.748625 -1.444059
2.987736 -2.751739 -1.445766
2.988150 -2.755054 -1.446727
2.988571 -2.758411 -1.444646
2.988952 -2.761411 -1.446567
2.989694 -2.767253 -1.441924
2.990613 -2.774321 -1.441764
2.991749 -2.783031 -1.439630
2.993222 -2.794383 -1.438296
2.994114 -2.801149 -1.436482
2.994985 -2.807570 -1.434561
2.996189 -2.816314 -1.433974
2.997134 -2.823175 -1.433067
2.998192 -2.830777 -1.431413
2.999867 -2.842668 -1.430452
3.001071 -2.851223 -1.431413
3.001976 -2.857668 -1.431092
3.003082 -2.865495 -1.429332
3.004127 -2.872822 -1.429545
3.005338 -2.881362 -1.430239
3.006834 -2.891941 -1.430025
3.007684 -2.897943 -1.430292
3.008279 -2.902163 -1.431999
3.009149 -2.908424 -1.432586
3.010137 -2.915512 -1.432320
3.011348 -2.924197 -1.431733
3.012876 -2.935120 -1.432586
3.013624 -2.940497 -1.436161
3.014287 -2.945362 -1.432266
3.014861 -2.949498 -1.433120
3.015411 -2.953477 -1.434988
3.016147 -2.958957 -1.443632
3.016903 -2.965132 -1.458466
3.017410 -2.969856 -1.476394
3.017887 -2.975365 -1.502647
3.018098 -2.979131 -1.548963
3.018112 -2.980671 -1.585834
3.018087 -2.981621 -1.624893
3.017917 -2.983745 -1.677932
3.017442 -2.987662 -1.717738
3.016949 -2.990703 -1.759785
3.016371 -2.993480 -1.816292
3.016260 -2.993912 -1.857325
3.016952 -2.991760 -1.903694
3.017915 -2.989077 -1.972741
3.018454 -2.987898 -2.018096
3.018922 -2.986942 -2.062384
3.018495 -2.987676 -2.122734
3.017771 -2.988819 -2.160299
3.018428 -2.987873 -2.200638
3.020430 -2.985253 -2.254371
3.022256 -2.983064 -2.289908
3.023280 -2.981913 -2.329234
3.024382 -2.980815 -2.374269
3.026665 -2.978662 -2.410339
3.028389 -2.977155 -2.444436
3.030028 -2.975817 -2.489738
3.030443 -2.975506 -2.520259
3.031882 -2.974498 -2.547579
3.035673 -2.972035 -2.591547
3.036990 -2.971236 -2.617320
3.037646 -2.970874 -2.646667
3.038856 -2.970236 -2.681724
3.038221 -2.970544 -2.706963
3.037657 -2.970799 -2.733803
3.037232 -2.970978 -2.765711
3.037043 -2.971049 -2.789510
3.035349 -2.971656 -2.809626
3.030211 -2.973363 -2.838440
3.027747 -2.974118 -2.857809
3.026100 -2.974589 -2.879100
3.025556 -2.974728 -2.906153
3.022947 -2.975333 -2.923121
3.019371 -2.976099 -2.941370
3.013434 -2.977252 -2.963781
3.009505 -2.977938 -2.978561
3.006035 -2.978488 -2.995316
3.003084 -2.978910 -3.006148
3.000915 -2.979202 -3.011484
2.997973 -2.979575 -3.022476
2.995827 -2.979826 -3.030480
2.994010 -2.980024 -3.037256
2.991861 -2.980243 -3.045367
2.990241 -2.980396 -3.051396
2.989108 -2.980497 -3.055612
2.987702 -2.980615 -3.061374
2.987386 -2.980640 -3.065003
2.987300 -2.980647 -3.069698
2.989412 -2.980506 -3.083412
2.990849 -2.980425 -3.092590
2.990217 -2.980455 -3.095471
2.990116 -2.980460 -3.096378
2.990217 -2.980455 -3.096218
2.991295 -2.980406 -3.095524
2.993784 -2.980289 -3.093230
2.998300 -2.980069 -3.090242
3.000025 -2.979980 -3.089601
3.000025 -2.979980 -3.088748
2.999781 -2.979993 -3.085920
3.000011 -2.979980 -3.084319
2.999120 -2.980032 -3.081224
2.997783 -2.980115 -3.077222
2.995168 -2.980288 -3.074341
2.990499 -2.980603 -3.072260
2.989767 -2.980654 -3.070072
2.989795 -2.980652 -3.069752
2.989982 -2.980639 -3.069058
2.990025 -2.980636 -3.069218
2.990054 -2.980633 -3.069325
2.990197 -2.980623 -3.069965
2.990212 -2.980622 -3.070019
2.990556 -2.980597 -3.071193
2.992093 -2.980491 -3.073807
2.993789 -2.980377 -3.074127
2.994378 -2.980337 -3.075781
2.994392 -2.980336 -3.074768
2.994234 -2.980347 -3.073007
2.994435 -2.980333 -3.065963
2.992756 -2.980475 -3.047234
2.990736 -2.980679 -3.026478
2.990864 -2.980656 -3.001025
2.992161 -2.980469 -2.968956
2.990419 -2.980789 -2.941690
2.989996 -2.980874 -2.917998
2.990237 -2.980832 -2.884009
2.986528 -2.981844 -2.862505
2.982593 -2.983006 -2.841962
2.980600 -2.983628 -2.831983
2.978272 -2.984386 -2.817897
2.972922 -2.986229 -2.796713
2.969202 -2.987586 -2.782039
2.965059 -2.989169 -2.765711
2.958465 -2.991835 -2.744368
2.953299 -2.994036 -2.729320
2.946663 -2.996974 -2.717581
2.938187 -3.000840 -2.705255
2.925792 -3.006727 -2.689088
2.914287 -3.012307 -2.678416
2.897962 -3.020546 -2.666997
2.886002 -3.026727 -2.658940
2.873974 -3.033058 -2.653177
2.856316 -3.042511 -2.645973
2.841665 -3.050349 -2.644373
2.826774 -3.058443 -2.642825
2.805487 -3.070022 -2.645013
2.787631 -3.079654 -2.650722
2.769761 -3.089170 -2.655631
2.746141 -3.101547 -2.664489
2.728337 -3.110691 -2.672280
2.710821 -3.119510 -2.680177
2.688275 -3.130568 -2.694690
2.670820 -3.138857 -2.705469
2.651977 -3.147544 -2.717155
2.625745 -3.159179 -2.735563
2.604229 -3.168300 -2.751198
2.582617 -3.177076 -2.765391
2.554807 -3.187799 -2.786735
2.533283 -3.195641 -2.802689
2.511583 -3.203162 -2.817576
2.480623 -3.213129 -2.837906
2.457800 -3.220133 -2.855728
2.435508 -3.226549 -2.873497
2.406348 -3.234155 -2.896922
2.384901 -3.239377 -2.914477
2.363566 -3.244196 -2.929898
2.335835 -3.249952 -2.949053
2.315451 -3.253825 -2.963300
2.295640 -3.257310 -2.976800
2.269205 -3.261511 -2.996383
2.250370 -3.264167 -3.011377
2.232342 -3.266442 -3.024823
2.210366 -3.268796 -3.052090
2.190533 -3.270596 -3.056412
2.174461 -3.271925 -3.062708
2.156187 -3.273346 -3.065536
2.144385 -3.274242 -3.065750
2.132697 -3.275128 -3.065110
2.114938 -3.276487 -3.064843
2.101137 -3.277492 -3.062228
2.090430 -3.278347 -3.068311
2.072574 -3.279771 -3.056465
2.060380 -3.280818 -3.054544
2.048905 -3.281833 -3.050382
2.033995 -3.283215 -3.046754
2.022098 -3.284354 -3.043126
2.010578 -3.285504 -3.039497
1.994137 -3.287216 -3.034161
1.981670 -3.288578 -3.028985
1.968681 -3.290066 -3.024823
1.952823 -3.291946 -3.028505
1.937326 -3.293809 -3.015272
1.922936 -3.295584 -3.010843
1.900616 -3.298580 -3.004867
1.885313 -3.300704 -3.012604
1.861622 -3.303977 -2.995583
1.835403 -3.307883 -2.990727
1.815861 -3.310880 -2.986298
1.795878 -3.314036 -2.982189
1.767420 -3.318535 -2.976800
1.744770 -3.322334 -2.972905
1.720973 -3.326426 -2.967729
1.686025 -3.332628 -2.963300
1.657433 -3.337551 -2.960045
1.627899 -3.343021 -2.956844
1.586361 -3.350804 -2.955830
1.554423 -3.356811 -2.954923
1.518618 -3.363606 -2.951668
1.476467 -3.371789 -2.947399
1.446364 -3.377733 -2.944144
1.415764 -3.383906 -2.938915
1.372290 -3.392960 -2.932512
1.339980 -3.399824 -2.931445
1.308117 -3.406642 -2.929684
1.268095 -3.414674 -2.927923
1.239068 -3.420986 -2.926803
1.210694 -3.427183 -2.925042
1.174568 -3.435132 -2.925095
1.147050 -3.441199 -2.924508
1.118002 -3.447619 -2.923121
1.078627 -3.456413 -2.920560
1.055406 -3.461640 -2.936514
1.023589 -3.468598 -2.918479
0.988918 -3.476460 -2.918959
0.965116 -3.481858 -2.918052
0.943452 -3.486785 -2.917572
0.915154 -3.493256 -2.915757
0.894625 -3.497979 -2.915811
0.874432 -3.502624 -2.915117
0.845653 -3.509185 -2.920773
0.824770 -3.513712 -2.922801
0.804697 -3.518170 -2.924188
0.781580 -3.523264 -2.926216
0.767737 -3.526284 -2.927923
0.749136 -3.530260 -2.937795
0.734062 -3.533301 -2.952415
0.718755 -3.536125 -2.974452
0.697366 -3.539411 -3.017086
0.682973 -3.541038 -3.053797
0.669289 -3.542049 -3.092269
0.654958 -3.542570 -3.130795
0.635090 -3.542407 -3.180205
0.619300 -3.541618 -3.213288
0.604218 -3.540379 -3.251440
0.583449 -3.537863 -3.286817
0.569764 -3.535725 -3.315204
0.555689 -3.533132 -3.339856
0.534833 -3.528618 -3.370377
0.517672 -3.524482 -3.391294
0.494984 -3.518474 -3.415199
0.478263 -3.513685 -3.430566
0.461049 -3.508477 -3.444173
0.438157 -3.501210 -3.456872
0.421321 -3.495667 -3.464930
0.403668 -3.489708 -3.470906
0.377716 -3.480780 -3.476242
0.357309 -3.473661 -3.479070
0.335939 -3.466157 -3.479337
0.307736 -3.456251 -3.478910
0.287381 -3.449114 -3.478269
0.267688 -3.442095 -3.475815
0.243436 -3.433714 -3.471973
0.225173 -3.427359 -3.467224
0.204833 -3.420532 -3.461034
0.175832 -3.411053 -3.450843
0.152328 -3.403621 -3.441025
0.133562 -3.397877 -3.447375
0.100309 -3.387962 -3.413438
0.078756 -3.382058 -3.399245
0.057450 -3.376572 -3.382276
0.028949 -3.369834 -3.359439
0.007908 -3.365287 -3.343378
-0.010974 -3.361533 -3.326249
-0.034016 -3.357313 -3.303038
-0.051043 -3.354641 -3.286016
-0.069211 -3.352105 -3.268408
-0.092160 -3.349386 -3.244450
-0.107828 -3.347759 -3.228015
-0.121749 -3.346629 -3.212114
-0.140354 -3.345379 -3.193919
-0.154492 -3.344705 -3.179031
-0.168595 -3.344246 -3.164304
-0.187556 -3.343936 -3.147283
-0.200976 -3.343914 -3.135224
-0.214524 -3.344060 -3.122684
-0.232776 -3.344515 -3.106249
-0.246157 -3.345031 -3.095898
-0.260855 -3.345750 -3.085973
-0.281106 -3.346981 -3.072687
-0.296761 -3.348100 -3.064256
-0.311229 -3.349260 -3.055718
-0.330660 -3.351015 -3.045100
-0.346716 -3.352524 -3.036883
-0.364683 -3.354459 -3.028932
-0.389552 -3.357372 -3.018634
-0.406793 -3.359445 -3.012444
-0.423965 -3.361718 -3.006628
-0.447385 -3.364964 -2.999691
-0.466310 -3.367695 -2.994996
-0.487161 -3.370798 -2.992008
-0.516441 -3.375265 -2.986938
-0.539425 -3.378893 -2.981923
-0.561700 -3.382489 -2.980269
-0.583739 -3.386098 -2.977227
-0.614785 -3.391284 -2.975199
-0.638667 -3.395311 -2.973385
-0.671028 -3.400834 -2.972105
-0.694476 -3.404842 -2.972105
-0.711861 -3.407817 -2.984431
-0.742868 -3.412974 -2.974666
-0.760405 -3.415920 -2.989553
-0.784860 -3.419831 -2.979522
-0.812192 -3.424267 -2.982350
-0.831855 -3.427413 -2.984751
-0.850004 -3.430274 -2.986885
-0.870137 -3.433401 -2.988539
-0.881665 -3.435174 -2.989927
-0.890390 -3.436506 -2.997130
-0.902751 -3.438355 -2.990620
-0.908203 -3.439183 -2.991741
-0.912234 -3.439786 -2.992648
-0.914754 -3.440164 -2.992915
-0.916477 -3.440421 -2.992861
-0.917559 -3.440583 -2.993715
-0.915893 -3.440335 -2.993235
-0.911137 -3.439623 -2.993128
-0.904301 -3.438602 -2.993448
-0.894090 -3.437080 -2.993288
-0.888180 -3.436194 -2.991100
-0.883368 -3.435466 -2.992061
-0.880222 -3.434993 -2.992434
-0.877302 -3.434555 -2.993235
-0.870011 -3.433467 -2.993768
-0.866137 -3.432890 -2.992274
-0.862777 -3.432384 -2.990994
-0.861239 -3.432150 -2.990140
-0.860158 -3.431985 -2.990033
-0.856813 -3.431470 -2.989980
-0.850764 -3.430548 -2.990994
-0.850636 -3.430528 -2.991581
-0.850963 -3.430578 -2.991847
-0.853583 -3.430973 -2.991954
-0.855220 -3.431220 -2.992008
-0.855818 -3.431310 -2.991474
-0.858409 -3.431704 -2.989660
-0.861014 -3.432102 -2.990247
-0.861583 -3.432189 -2.989927
-0.861526 -3.432180 -2.989820
-0.861526 -3.432180 -2.989820
-0.861569 -3.432187 -2.989766
-0.861498 -3.432176 -2.989820
-0.861483 -3.432174 -2.989766
-0.861412 -3.432163 -2.989500
-0.860573 -3.432034 -2.989019
-0.858822 -3.431765 -2.989500
-0.857441 -3.431553 -2.989233
-0.857441 -3.431553 -2.988913
-0.857242 -3.431523 -2.988486
-0.857171 -3.431512 -2.988219
-0.857185 -3.431514 -2.988166
-0.857228 -3.431520 -2.988219
-0.857299 -3.431531 -2.988379
-0.858310 -3.431687 -2.988753
-0.861754 -3.432215 -2.989820
-0.862722 -3.432363 -2.989500
-0.862779 -3.432372 -2.989286
-0.862707 -3.432361 -2.989340
-0.862594 -3.432344 -2.988913
-0.862608 -3.432346 -2.988966
-0.862437 -3.432320 -2.988859
-0.861526 -3.432180 -2.989393
-0.860331 -3.431996 -2.989180
-0.859164 -3.431817 -2.989820
-0.857441 -3.431554 -2.989340
-0.856217 -3.431365 -2.988593
-0.856118 -3.431350 -2.988859
-0.855364 -3.431234 -2.989873
-0.852887 -3.430857 -2.991154
-0.851790 -3.430691 -2.991207
-0.852246 -3.430760 -2.991314
-0.853114 -3.430892 -2.991581
-0.857301 -3.431519 -2.991687
-0.861487 -3.432153 -2.991047
-0.863622 -3.432477 -2.990407
-0.863465 -3.432453 -2.990567
-0.862853 -3.432360 -2.989980
-0.861259 -3.432116 -2.989766
-0.861074 -3.432088 -2.990140
-0.861060 -3.432086 -2.990087
-0.860377 -3.431981 -2.990193
-0.859779 -3.431890 -2.990620
-0.858597 -3.431710 -2.990780
-0.854085 -3.431022 -2.990407
-0.851736 -3.430665 -2.991634
-0.851779 -3.430671 -2.991687
-0.851836 -3.430680 -2.991581
-0.852163 -3.430729 -2.991634
-0.852135 -3.430725 -2.991634
-0.852918 -3.430843 -2.991474
-0.852875 -3.430837 -2.991527
-0.853188 -3.430884 -2.991314
-0.853146 -3.430878 -2.991154
-0.853203 -3.430886 -2.991047
-0.853188 -3.430884 -2.991100
-0.853203 -3.430886 -2.991154
-0.853260 -3.430895 -2.991261
-0.853260 -3.430895 -2.991261
-0.853658 -3.430955 -2.991581
-0.853658 -3.430955 -2.991687
-0.853630 -3.430951 -2.991581
-0.853758 -3.430970 -2.991847
-0.853744 -3.430968 -2.991794
-0.853729 -3.430966 -2.991847
-0.853430 -3.430921 -2.991581
-0.852348 -3.430757 -2.991261
-0.851893 -3.430688 -2.991261
-0.851608 -3.430645 -2.991154
-0.850313 -3.430449 -2.991954
-0.849131 -3.430271 -2.992434
-0.848704 -3.430207 -2.991794
-0.848732 -3.430211 -2.991794
-0.848746 -3.430213 -2.991741
-0.848746 -3.430213 -2.991741
-0.848746 -3.430213 -2.991741
-0.848832 -3.430226 -2.991741
-0.849173 -3.430278 -2.991314
-0.849430 -3.430317 -2.991421
-0.849615 -3.430345 -2.991687
-0.850156 -3.430426 -2.992328
-0.850213 -3.430435 -2.992541
-0.850255 -3.430441 -2.992595
-0.850398 -3.430463 -2.992595
-0.851808 -3.430674 -2.992648
-0.852733 -3.430813 -2.991847
-0.852605 -3.430794 -2.991687
-0.852534 -3.430783 -2.991421
-0.851893 -3.430686 -2.991047
-0.850171 -3.430425 -2.991847
-0.847779 -3.430065 -2.991207
-0.846682 -3.429898 -2.990727
-0.846341 -3.429847 -2.990940
-0.845956 -3.429788 -2.991741
-0.846013 -3.429797 -2.991741
-0.846013 -3.429797 -2.991741
-0.846027 -3.429799 -2.991687
-0.846412 -3.429857 -2.991741
-0.848291 -3.430141 -2.991314
-0.851509 -3.430629 -2.991207
-0.853843 -3.430983 -2.991527
-0.853843 -3.430983 -2.992274
-0.853772 -3.430972 -2.992328
-0.851836 -3.430679 -2.991581
-0.849715 -3.430359 -2.991954
-0.849444 -3.430318 -2.992221
-0.849074 -3.430263 -2.992328
-0.848775 -3.430218 -2.991741
-0.847437 -3.430015 -2.989180
-0.843323 -3.429387 -2.991047
-0.843522 -3.429418 -2.990193
-0.844020 -3.429494 -2.990247
-0.845572 -3.429730 -2.991047
-0.848078 -3.430109 -2.991794
-0.851608 -3.430643 -2.991474
-0.853929 -3.430994 -2.991314
-0.853673 -3.430956 -2.991954
-0.853730 -3.430964 -2.991954
-0.853730 -3.430964 -2.991847
-0.853730 -3.430964 -2.991847
-0.853730 -3.430964 -2.991847
-0.853644 -3.430951 -2.991847
-0.852135 -3.430723 -2.991314
-0.849402 -3.430310 -2.991741
-0.847038 -3.429953 -2.990887
-0.846939 -3.429937 -2.991261
-0.846939 -3.429937 -2.991261
-0.846953 -3.429940 -2.991207
-0.846967 -3.429942 -2.991154
-0.847309 -3.429994 -2.991261
-0.849629 -3.430346 -2.990140
-0.852974 -3.430856 -2.991047
-0.854782 -3.431130 -2.991314
-0.854597 -3.431102 -2.991794
-0.854327 -3.431061 -2.992168
-0.853472 -3.430932 -2.992168
-0.850967 -3.430554 -2.991847
-0.850283 -3.430451 -2.992274
-0.850454 -3.430477 -2.992488
-0.850354 -3.430462 -2.992328
-0.850354 -3.430462 -2.992328
-0.850354 -3.430462 -2.992328
-0.850454 -3.430477 -2.992381
-0.850440 -3.430475 -2.992328
-0.850867 -3.430539 -2.992221
-0.851166 -3.430584 -2.992168
-0.851194 -3.430588 -2.992061
-0.851180 -3.430586 -2.992114
-0.851294 -3.430603 -2.991901
-0.851308 -3.430605 -2.991741
-0.851308 -3.430605 -2.991741
-0.851493 -3.430633 -2.991474
-0.851664 -3.430659 -2.991474
-0.851678 -3.430661 -2.991527
-0.851864 -3.430689 -2.991154
-0.851977 -3.430707 -2.991047
-0.852305 -3.430756 -2.990780
-0.852305 -3.430756 -2.990780
-0.852262 -3.430750 -2.990834
-0.852248 -3.430748 -2.990780
-0.851650 -3.430657 -2.990887
-0.849700 -3.430361 -2.991687
-0.847151 -3.429976 -2.990674
-0.847009 -3.429954 -2.990033
-0.847023 -3.429956 -2.989980
-0.847521 -3.430032 -2.989393
-0.848788 -3.430227 -2.989233
-0.849699 -3.430366 -2.990834
-0.850340 -3.430463 -2.991527
-0.850354 -3.430466 -2.991474
-0.851379 -3.430620 -2.991901
-0.853201 -3.430896 -2.991154
-0.853087 -3.430878 -2.991261
-0.853187 -3.430893 -2.991207
-0.853116 -3.430883 -2.991154
-0.851706 -3.430669 -2.990887
-0.848589 -3.430196 -2.991261
-0.844560 -3.429585 -2.990887
-0.843179 -3.429376 -2.990407
-0.843677 -3.429452 -2.989927
-0.843862 -3.429480 -2.990300
-0.846723 -3.429916 -2.990887
-0.849684 -3.430366 -2.990567
-0.852660 -3.430818 -2.990407
-0.852617 -3.430812 -2.990460
-0.852660 -3.430818 -2.990514
-0.852674 -3.430821 -2.990460
-0.852631 -3.430814 -2.990407
-0.852631 -3.430814 -2.990407
-0.851051 -3.430573 -2.990567
-0.848232 -3.430145 -2.991207
-0.847293 -3.430003 -2.990140
-0.847193 -3.429987 -2.989660
-0.847179 -3.429985 -2.989713
-0.847193 -3.429987 -2.989660
-0.847207 -3.429990 -2.989713
-0.847207 -3.429990 -2.989713
-0.847378 -3.430016 -2.989820
-0.848531 -3.430192 -2.989766
-0.850524 -3.430496 -2.991154
-0.852560 -3.430805 -2.990780
-0.852545 -3.430802 -2.990834
-0.852574 -3.430807 -2.990834
-0.852432 -3.430785 -2.990514
-0.852303 -3.430766 -2.990567
-0.850823 -3.430540 -2.991100
-0.848346 -3.430165 -2.991634
-0.847677 -3.430064 -2.990940
-0.846367 -3.429865 -2.990407
-0.845513 -3.429735 -2.991474
-0.845470 -3.429729 -2.991634
-0.845556 -3.429741 -2.991634
-0.845712 -3.429765 -2.992008
-0.845840 -3.429784 -2.992061
-0.847777 -3.430076 -2.991954
-0.851593 -3.430652 -2.991847
-0.853742 -3.430976 -2.992434
-0.853486 -3.430938 -2.992648
-0.853472 -3.430936 -2.992701
-0.853230 -3.430899 -2.992968
-0.851663 -3.430664 -2.992114
-0.848446 -3.430180 -2.992434
-0.845498 -3.429736 -2.992061
-0.845541 -3.429743 -2.992221
-0.845555 -3.429745 -2.992168
-0.845712 -3.429769 -2.992221
-0.847834 -3.430086 -2.991954
-0.852163 -3.430732 -2.991634
-0.856648 -3.431410 -2.991154
-0.856947 -3.431455 -2.989927
-0.856676 -3.431414 -2.989126
-0.856619 -3.431405 -2.989019
-0.856619 -3.431405 -2.989019
-0.856619 -3.431405 -2.989019
-0.856619 -3.431405 -2.989019
-0.856619 -3.431405 -2.989019
-0.856619 -3.431405 -2.989019
-0.856619 -3.431405 -2.989019
