-0.033137 -0.053364 6.256307
-0.032101 -0.053392 6.256200
-0.031093 -0.053419 6.256840
-0.031180 -0.053417 6.256627
-0.030719 -0.053429 6.257587
-0.030676 -0.053430 6.257427
-0.029769 -0.053454 6.257161
-0.026660 -0.053535 6.257374
-0.026372 -0.053543 6.257801
-0.026444 -0.053541 6.257854
-0.028690 -0.053485 6.258815
-0.031784 -0.053409 6.258761
-0.033555 -0.053366 6.258281
-0.033800 -0.053360 6.257161
-0.033972 -0.053355 6.256627
-0.033958 -0.053356 6.256574
-0.033972 -0.053355 6.256093
-0.033771 -0.053361 6.255560
-0.033066 -0.053381 6.255080
-0.029626 -0.053475 6.256734
-0.027783 -0.053524 6.257054
-0.027726 -0.053525 6.257267
-0.027740 -0.053525 6.257214
-0.027740 -0.053525 6.257214
-0.027740 -0.053525 6.257214
-0.027740 -0.053525 6.257214
-0.027798 -0.053523 6.257321
-0.028186 -0.053513 6.258014
-0.028445 -0.053507 6.258228
-0.029237 -0.053487 6.258281
-0.030043 -0.053467 6.257961
-0.029036 -0.053492 6.257321
-0.027582 -0.053530 6.257161
-0.026114 -0.053568 6.257694
-0.024991 -0.053597 6.257908
-0.023825 -0.053626 6.257854
-0.021464 -0.053686 6.257854
-0.018326 -0.053766 6.257214
-0.017031 -0.053800 6.256894
-0.016844 -0.053805 6.256627
-0.015016 -0.053854 6.255720
-0.010424 -0.053983 6.254706
-0.005804 -0.054115 6.254759
-0.001213 -0.054245 6.255880
-0.000536 -0.054264 6.255720
-0.000536 -0.054264 6.255720
-0.000478 -0.054265 6.255720
-0.000003 -0.054278 6.255987
0.000990 -0.054305 6.257107
0.001177 -0.054310 6.257587
0.001177 -0.054310 6.257587
0.001177 -0.054310 6.257587
0.001162 -0.054309 6.257534
0.001004 -0.054305 6.257801
0.000918 -0.054303 6.258121
0.000644 -0.054296 6.258174
-0.000781 -0.054261 6.258228
-0.002436 -0.054219 6.258068
-0.002479 -0.054219 6.257694
-0.002407 -0.054220 6.257534
-0.002350 -0.054222 6.257321
-0.001918 -0.054233 6.257107
-0.000968 -0.054258 6.257001
0.001090 -0.054312 6.257054
0.003350 -0.054371 6.258281
0.003293 -0.054369 6.258281
0.003307 -0.054369 6.258334
0.003307 -0.054369 6.258334
0.003307 -0.054369 6.258334
0.003422 -0.054372 6.258761
0.003422 -0.054372 6.258975
0.003451 -0.054373 6.258868
0.003437 -0.054373 6.258921
0.003437 -0.054373 6.258921
-0.000029 -0.000000 0.000000
-0.001022 -0.000000 0.000160
-0.004219 -0.000001 0.000480
-0.004622 -0.000001 0.000587
-0.004593 -0.000001 0.000480
-0.004507 -0.000001 0.000374
-0.004478 -0.000001 0.000267
-0.004032 -0.000001 -0.000320
-0.001872 -0.000001 -0.000107
-0.001454 -0.000001 -0.000374
-0.001282 -0.000002 0.000053
0.001397 -0.000002 0.001868
0.004248 0.000003 0.001014
0.004420 0.000004 0.000480
0.004262 0.000004 0.000854
0.004291 0.000004 0.000854
0.004291 0.000004 0.000854
0.004694 0.000004 0.000960
0.006753 0.000006 0.001547
0.008510 0.000009 0.001654
0.008683 0.000009 0.002081
0.010079 0.000013 0.002881
0.012959 0.000021 0.002668
0.018171 0.000036 0.003415
0.022577 0.000053 0.004589
0.024536 0.000062 0.005549
0.025644 0.000069 0.006030
0.028711 0.000087 0.006190
0.032685 0.000114 0.004802
0.037898 0.000146 0.005976
0.044406 0.000182 0.006190
0.056674 0.000273 0.007790
0.065716 0.000351 0.009711
0.073491 0.000424 0.009178
0.088508 0.000577 0.011045
0.101193 0.000721 0.011312
0.116699 0.000901 0.011365
0.141334 0.001209 0.013126
0.160699 0.001461 0.013286
0.179200 0.001712 0.014407
0.199774 0.002009 0.014674
0.217656 0.002276 0.015741
0.238862 0.002626 0.017929
0.270780 0.003197 0.017982
0.296031 0.003657 0.019156
0.321844 0.004148 0.019209
0.352079 0.004506 0.001174
0.383166 0.004606 0.016701
0.410205 0.004838 0.015207
0.448070 0.005412 0.014567
0.476793 0.005824 0.014727
0.504911 0.006231 0.013607
0.540920 0.006698 0.010885
0.568665 0.006984 0.008804
0.597952 0.007242 0.008484
0.636122 0.007560 0.008217
0.664098 0.007786 0.008804
0.690462 0.008024 0.009071
0.722656 0.008327 0.009925
0.745334 0.008549 0.009124
0.766384 0.008740 0.009445
0.792618 0.008986 0.009124
0.811883 0.009159 0.008804
0.831076 0.009316 0.008111
0.855194 0.009498 0.007203
0.871867 0.009609 0.006030
0.887087 0.009690 0.005016
0.904740 0.009770 0.003949
0.916979 0.009811 0.003308
0.929909 0.009845 0.002348
0.948052 0.009869 0.001601
0.961414 0.009835 0.001494
0.973926 0.009842 0.000160
0.990082 0.009785 -0.001547
1.003012 0.009759 -0.002294
1.017224 0.009731 -0.001921
1.037051 0.009681 -0.003682
1.052357 0.009620 -0.004696
1.064769 0.009557 -0.014834
1.088454 0.009355 -0.005816
1.105070 0.009257 -0.005923
1.122464 0.009153 -0.006030
1.147705 0.009008 -0.005229
1.168569 0.008899 -0.005603
1.188900 0.008792 -0.005069
1.216328 0.008525 -0.004909
1.237681 0.008418 -0.006563
1.260186 0.008269 -0.007364
1.291619 0.008033 -0.007737
1.315376 0.007839 -0.009018
1.338586 0.007628 -0.009765
1.368679 0.007331 -0.010725
1.391223 0.006941 -0.010618
1.413987 0.006698 -0.010779
1.443028 0.006395 -0.010085
1.464971 0.006175 -0.009658
1.485733 0.005971 -0.010618
1.510786 0.005703 -0.010832
1.527963 0.005511 -0.011419
1.542174 0.005347 -0.021397
1.566923 0.005003 -0.008858
1.582718 0.004866 -0.008057
1.598484 0.004738 -0.007257
1.617619 0.004533 -0.006030
1.629397 0.004464 -0.006030
1.639894 0.004396 -0.006830
1.651499 0.004316 -0.005870
1.660570 0.004266 -0.005229
1.670909 0.004210 -0.005656
1.682672 0.004118 -0.006990
1.688705 0.004066 -0.012913
1.691973 0.004017 -0.021397
1.692808 0.003999 -0.024385
1.692362 0.004010 -0.026146
1.689527 0.004087 -0.032923
1.685915 0.004209 -0.037885
1.684951 0.004246 -0.041780
1.684691 0.004254 -0.047863
1.686043 0.004186 -0.055120
1.685425 0.004222 -0.059762
1.683169 0.004364 -0.068460
1.681043 0.004515 -0.077958
1.682435 0.004402 -0.085054
1.685261 0.004151 -0.094926
1.692868 0.003382 -0.108106
1.699436 0.002651 -0.115629
1.702583 0.002283 -0.118831
1.708885 0.001508 -0.128489
1.717351 0.000393 -0.136119
1.727959 -0.001097 -0.145510
1.744915 -0.003667 -0.159864
1.760058 -0.006172 -0.172030
1.773809 -0.008620 -0.183876
1.791048 -0.011921 -0.196415
1.806559 -0.015055 -0.204579
1.823633 -0.018733 -0.212956
1.847115 -0.023913 -0.224055
1.864220 -0.027848 -0.230938
1.881688 -0.032004 -0.239423
1.908753 -0.038740 -0.251322
1.930256 -0.044331 -0.261193
1.953078 -0.050507 -0.270051
1.984910 -0.059486 -0.282803
2.006696 -0.065886 -0.291181
2.027809 -0.072278 -0.300999
2.054623 -0.080751 -0.315032
2.074970 -0.087463 -0.325598
2.103447 -0.097237 -0.339738
2.125481 -0.105112 -0.350676
2.147912 -0.113410 -0.361295
2.175872 -0.124144 -0.375488
2.195026 -0.131778 -0.386374
2.213859 -0.139514 -0.396832
2.240578 -0.150895 -0.412786
2.260667 -0.159797 -0.425486
2.280040 -0.168675 -0.438612
2.298179 -0.177269 -0.450671
2.319889 -0.187939 -0.467960
2.334131 -0.195224 -0.482420
2.353461 -0.205519 -0.500616
2.367268 -0.213161 -0.514489
2.380890 -0.220957 -0.530817
2.397303 -0.230767 -0.553014
2.408460 -0.237719 -0.565980
2.417899 -0.243780 -0.580441
2.430941 -0.252459 -0.599117
2.440509 -0.259052 -0.611336
2.450502 -0.266168 -0.625956
2.462281 -0.274771 -0.637642
2.472484 -0.282358 -0.638762
2.483566 -0.290571 -0.636628
2.498018 -0.301299 -0.641217
2.507870 -0.308658 -0.641430
2.516283 -0.314960 -0.645379
2.525563 -0.321976 -0.651142
2.533355 -0.327929 -0.654610
2.543275 -0.335579 -0.659519
2.559849 -0.348488 -0.665122
2.571380 -0.357560 -0.668590
2.581739 -0.365772 -0.672859
2.592992 -0.374801 -0.674780
2.602496 -0.382421 -0.678195
2.612067 -0.390141 -0.680009
2.624469 -0.400177 -0.682250
2.631923 -0.406234 -0.682944
2.637684 -0.410925 -0.683584
2.645919 -0.417642 -0.685185
2.652664 -0.423154 -0.684384
2.660930 -0.429900 -0.684865
2.672516 -0.439366 -0.685238
2.678771 -0.444477 -0.685185
2.683742 -0.448543 -0.685612
2.688311 -0.452282 -0.685612
2.690283 -0.453895 -0.685985
2.691843 -0.455173 -0.684598
2.695112 -0.457839 -0.684865
2.699184 -0.461185 -0.690094
2.703119 -0.464448 -0.697511
2.706107 -0.466979 -0.713198
2.705675 -0.466599 -0.730167
2.704864 -0.465864 -0.762502
2.706410 -0.467434 -0.812820
2.707611 -0.468715 -0.833417
2.706883 -0.467898 -0.857001
2.707429 -0.468642 -0.905665
2.707300 -0.468523 -0.945044
2.707405 -0.468660 -0.969909
2.705005 -0.465052 -1.013931
2.704769 -0.464656 -1.046800
2.703791 -0.462927 -1.071985
2.703922 -0.463216 -1.111471
2.704584 -0.464575 -1.136390
2.703992 -0.463262 -1.162002
2.702884 -0.460604 -1.195725
2.702614 -0.459922 -1.217549
2.703237 -0.461640 -1.239586
2.704372 -0.465087 -1.267760
2.704265 -0.464758 -1.284408
2.703500 -0.462117 -1.309754
2.703450 -0.461936 -1.332751
2.703841 -0.463590 -1.349613
2.703841 -0.463575 -1.367702
2.703317 -0.460919 -1.388192
2.702984 -0.459063 -1.404573
2.703143 -0.460058 -1.416098
2.703483 -0.462293 -1.431519
2.703576 -0.462963 -1.435521
2.703576 -0.462963 -1.435521
2.703431 -0.461922 -1.428638
2.703228 -0.460526 -1.420527
2.703169 -0.460141 -1.414178
2.703192 -0.460269 -1.403346
2.703442 -0.461716 -1.392994
2.703605 -0.462608 -1.381842
2.704235 -0.465772 -1.365087
2.704899 -0.468884 -1.349773
2.705112 -0.469825 -1.335206
2.705178 -0.470090 -1.324694
2.705764 -0.472378 -1.314022
2.706269 -0.474285 -1.307032
2.707260 -0.477880 -1.293746
2.708302 -0.481491 -1.282380
2.709788 -0.486427 -1.272776
2.712378 -0.494744 -1.262051
2.714142 -0.500212 -1.251966
2.715762 -0.505075 -1.246523
2.718988 -0.514472 -1.231156
2.721042 -0.520236 -1.223312
2.723258 -0.526295 -1.214561
2.726251 -0.534261 -1.205330
2.728816 -0.540957 -1.196899
2.732032 -0.549068 -1.187935
2.735824 -0.558407 -1.185160
2.739935 -0.568393 -1.173314
2.743976 -0.577956 -1.165257
2.746506 -0.583811 -1.159975
2.749611 -0.590908 -1.154318
2.752975 -0.598537 -1.150317
2.756973 -0.607475 -1.144234
2.759422 -0.612830 -1.137137
2.763653 -0.621883 -1.128706
2.767932 -0.630866 -1.122890
2.773393 -0.642172 -1.116807
2.780175 -0.655958 -1.108750
2.785033 -0.665667 -1.104054
2.789411 -0.674312 -1.098345
2.794952 -0.685128 -1.090554
2.799979 -0.694751 -1.086819
2.805530 -0.705286 -1.081750
2.813058 -0.719352 -1.075454
2.818619 -0.729637 -1.071932
2.823369 -0.738330 -1.068197
2.829549 -0.749524 -1.063074
2.834602 -0.758577 -1.059232
2.840381 -0.768823 -1.055871
2.847218 -0.781002 -1.054697
2.856649 -0.797570 -1.050748
2.863421 -0.809372 -1.048134
2.872107 -0.824342 -1.039276
2.879731 -0.837248 -1.035167
2.887889 -0.850992 -1.035915
2.900916 -0.873081 -1.041090
2.911237 -0.890698 -1.039276
2.922310 -0.909494 -1.037729
2.937873 -0.935921 -1.039863
2.948965 -0.954822 -1.042211
2.959158 -0.972629 -1.051549
2.971731 -0.994864 -1.064462
2.979374 -1.008901 -1.074600
2.985239 -1.019889 -1.084471
2.991382 -1.031658 -1.098878
2.995381 -1.039559 -1.108216
2.999409 -1.047703 -1.119368
3.005188 -1.059846 -1.137830
3.009958 -1.070284 -1.152077
3.014024 -1.079538 -1.166057
3.018347 -1.089826 -1.185534
3.021752 -1.098358 -1.201541
3.026109 -1.109841 -1.220164
3.032741 -1.128465 -1.241667
3.037952 -1.143970 -1.257035
3.042360 -1.157753 -1.271175
3.047335 -1.174210 -1.288250
3.050467 -1.185190 -1.302283
3.053564 -1.196688 -1.318344
3.057954 -1.214351 -1.340862
3.061506 -1.229992 -1.360392
3.064802 -1.245911 -1.378587
3.068971 -1.268290 -1.400411
3.071612 -1.284039 -1.424903
3.074796 -1.305547 -1.430772
3.078069 -1.329936 -1.448648
3.080251 -1.348396 -1.460760
3.082173 -1.367464 -1.471699
3.084841 -1.395964 -1.486533
3.086631 -1.418211 -1.497311
3.088209 -1.440502 -1.506382
3.089796 -1.469039 -1.519242
3.090818 -1.490152 -1.529914
3.091635 -1.511764 -1.539945
3.092324 -1.537370 -1.564223
3.092598 -1.563632 -1.562409
3.092726 -1.586944 -1.571961
3.092557 -1.618664 -1.583646
3.092218 -1.640822 -1.592237
3.091690 -1.658078 -1.610326
3.090734 -1.684771 -1.609419
3.090084 -1.700682 -1.616249
3.089359 -1.715957 -1.621798
3.088204 -1.737351 -1.630335
3.087135 -1.754539 -1.639193
3.085983 -1.771000 -1.644636
3.084573 -1.789651 -1.648958
3.083495 -1.803259 -1.652586
3.082440 -1.815452 -1.656748
3.081091 -1.830525 -1.667473
3.080182 -1.839667 -1.674090
3.079444 -1.846785 -1.675851
3.078404 -1.856405 -1.680973
3.077610 -1.863560 -1.682681
3.076861 -1.870156 -1.686896
3.075860 -1.878491 -1.695380
3.075139 -1.884176 -1.698475
3.074500 -1.889131 -1.700663
3.073944 -1.893343 -1.703811
3.073822 -1.894256 -1.704451
3.073772 -1.894627 -1.704985
3.073500 -1.896639 -1.705252
3.073210 -1.898794 -1.704131
3.072896 -1.901134 -1.704558
3.072834 -1.901591 -1.703918
3.072804 -1.901819 -1.703064
3.072796 -1.901876 -1.702317
3.072798 -1.901862 -1.699596
3.072964 -1.900562 -1.693779
3.073149 -1.899033 -1.685936
3.073276 -1.897902 -1.669448
3.073262 -1.898046 -1.656748
3.073236 -1.898361 -1.641914
3.073027 -1.901840 -1.621318
3.072832 -1.905996 -1.613581
3.072561 -1.912254 -1.616515
3.071925 -1.925659 -1.628575
3.071108 -1.941303 -1.617369
3.070591 -1.952306 -1.620838
3.069990 -1.963637 -1.628841
3.069637 -1.969515 -1.635511
3.069295 -1.974558 -1.644742
3.068724 -1.981821 -1.656481
3.068073 -1.989078 -1.668114
3.067222 -1.997400 -1.681720
3.065965 -2.008169 -1.696287
3.064977 -2.015751 -1.709147
3.063943 -2.022978 -1.719765
3.062457 -2.032772 -1.722433
3.061068 -2.041678 -1.722327
3.059598 -2.051373 -1.717151
3.057692 -2.064802 -1.702744
3.055940 -2.078673 -1.683801
3.054322 -2.093705 -1.666513
3.052280 -2.117881 -1.637112
3.051008 -2.139066 -1.621531
3.049505 -2.170463 -1.615608
3.048342 -2.197234 -1.613527
3.046895 -2.225317 -1.614221
3.045222 -2.262559 -1.617903
3.043873 -2.290950 -1.619824
3.042371 -2.321093 -1.622492
3.040255 -2.361181 -1.625480
3.038647 -2.390252 -1.627614
3.037028 -2.418427 -1.630069
3.034738 -2.455751 -1.634284
3.033010 -2.482694 -1.636472
3.031331 -2.508341 -1.635885
3.029225 -2.540901 -1.635138
3.027709 -2.564582 -1.633964
3.026298 -2.587245 -1.631776
3.025000 -2.608834 -1.628681
3.023445 -2.636032 -1.625800
3.022343 -2.656117 -1.625000
3.020964 -2.682229 -1.620944
3.020108 -2.699660 -1.617743
3.019326 -2.715292 -1.613100
3.018531 -2.734829 -1.608618
3.017954 -2.750629 -1.604883
3.017433 -2.766488 -1.601148
3.016865 -2.786624 -1.595865
3.016565 -2.799421 -1.591010
3.016347 -2.808605 -1.594425
3.016104 -2.822210 -1.581565
3.016033 -2.830647 -1.575909
3.016000 -2.839128 -1.571374
3.016018 -2.850979 -1.564917
3.016081 -2.859027 -1.558888
3.016155 -2.864527 -1.554512
3.016248 -2.870128 -1.550190
3.016338 -2.874245 -1.550510
3.016483 -2.880636 -1.546988
3.016623 -2.886452 -1.545068
3.016672 -2.888309 -1.542453
3.016755 -2.891187 -1.542026
3.016969 -2.898628 -1.541439
3.017185 -2.905825 -1.539625
3.017359 -2.911394 -1.540639
3.017415 -2.913337 -1.539945
3.017414 -2.913323 -1.539998
3.017414 -2.913323 -1.539678
3.017418 -2.913453 -1.540479
3.017420 -2.913510 -1.544214
3.017414 -2.913222 -1.556273
3.017407 -2.914014 -1.586634
3.017335 -2.916835 -1.612460
3.017221 -2.919194 -1.638926
3.017328 -2.918018 -1.685989
3.017359 -2.917688 -1.736520
3.016993 -2.919670 -1.779848
3.016054 -2.923739 -1.825310
3.015423 -2.926059 -1.862821
3.014726 -2.928270 -1.901720
3.014222 -2.929680 -1.957747
3.013602 -2.931121 -2.001128
3.012113 -2.934256 -2.043335
3.009566 -2.938967 -2.098722
3.007034 -2.943174 -2.140182
3.004266 -2.947350 -2.175399
3.003918 -2.947809 -2.231320
3.003709 -2.948067 -2.270325
3.002039 -2.949991 -2.305595
2.997558 -2.954790 -2.352445
2.994595 -2.957711 -2.387929
2.992494 -2.959638 -2.421652
2.990258 -2.961543 -2.463592
2.988834 -2.962667 -2.493900
2.987178 -2.963891 -2.527036
2.984884 -2.965460 -2.566148
2.983742 -2.966186 -2.595923
2.982889 -2.966695 -2.623509
2.983611 -2.966304 -2.665503
2.985425 -2.965394 -2.705682
2.985163 -2.965513 -2.731722
2.985881 -2.965215 -2.766619
2.988385 -2.964264 -2.795326
2.991426 -2.963190 -2.814428
2.997176 -2.961318 -2.846657
3.001691 -2.959981 -2.867521
3.006092 -2.958771 -2.884862
3.013255 -2.956969 -2.912236
3.017355 -2.956034 -2.927817
3.022457 -2.954968 -2.948840
3.028272 -2.953872 -2.967676
3.033481 -2.952982 -2.981176
3.038802 -2.952150 -2.997610
3.046134 -2.951140 -3.015326
3.049177 -2.950763 -3.025090
3.052196 -2.950421 -3.036242
3.057211 -2.949920 -3.050436
3.059821 -2.949686 -3.055558
3.062317 -2.949476 -3.063776
3.063581 -2.949379 -3.068151
3.064730 -2.949296 -3.072420
3.065319 -2.949256 -3.075141
3.064414 -2.949315 -3.078609
3.064140 -2.949332 -3.079623
3.064140 -2.949332 -3.079623
3.063307 -2.949384 -3.078770
3.062057 -2.949463 -3.077542
3.061726 -2.949484 -3.076528
3.061281 -2.949513 -3.075088
3.060189 -2.949587 -3.073594
3.057905 -2.949743 -3.072366
3.056626 -2.949833 -3.070072
3.056526 -2.949840 -3.069805
3.056526 -2.949840 -3.069805
3.056555 -2.949838 -3.069912
3.056368 -2.949851 -3.070606
3.056339 -2.949853 -3.071673
3.055750 -2.949894 -3.073754
3.055678 -2.949899 -3.074127
3.054860 -2.949954 -3.075781
3.054213 -2.949996 -3.076048
3.054227 -2.949995 -3.075995
3.054242 -2.949994 -3.075941
3.054227 -2.949995 -3.075248
3.053868 -2.950019 -3.073807
3.053322 -2.950057 -3.071779
3.053150 -2.950069 -3.071032
3.053064 -2.950075 -3.070712
3.053107 -2.950072 -3.070979
3.053179 -2.950067 -3.070712
3.053696 -2.950030 -3.066764
3.053667 -2.950034 -3.055665
3.052950 -2.950099 -3.039124
3.051490 -2.950261 -3.013191
3.051561 -2.950244 -2.983684
3.052825 -2.950036 -2.946492
3.050612 -2.950495 -2.918692
3.047034 -2.951380 -2.878032
3.044328 -2.952131 -2.853327
3.042085 -2.952820 -2.825314
3.038306 -2.954096 -2.800502
3.031966 -2.956421 -2.773982
3.026339 -2.958636 -2.751571
3.021428 -2.960703 -2.729694
3.016915 -2.962707 -2.712139
3.010102 -2.965883 -2.693677
3.002208 -2.969733 -2.675641
2.997051 -2.972362 -2.661234
2.989369 -2.976408 -2.650296
2.976851 -2.983166 -2.640157
2.966814 -2.988701 -2.633754
2.957943 -2.993666 -2.626604
2.945247 -3.000904 -2.618974
2.933314 -3.007796 -2.615719
2.919752 -3.015696 -2.611770
2.899466 -3.027498 -2.608462
2.884653 -3.036253 -2.607555
2.870788 -3.044461 -2.607395
2.851433 -3.055889 -2.610116
2.835956 -3.064964 -2.614171
2.819438 -3.074540 -2.620254
2.794455 -3.088777 -2.628738
2.775590 -3.099323 -2.638076
2.757842 -3.109033 -2.648161
2.735002 -3.121161 -2.662248
2.717895 -3.129959 -2.675161
2.700160 -3.138792 -2.689248
2.672757 -3.151844 -2.709311
2.650144 -3.162118 -2.725905
2.627475 -3.171985 -2.742073
2.597589 -3.184301 -2.764964
2.576203 -3.192635 -2.781612
2.555389 -3.200323 -2.799915
2.525448 -3.210666 -2.824033
2.502523 -3.218062 -2.841055
2.479483 -3.225044 -2.859410
2.453328 -3.232403 -2.893933
2.430288 -3.238261 -2.899536
2.410088 -3.243124 -2.915704
2.383084 -3.249113 -2.936354
2.363122 -3.253041 -2.952735
2.343839 -3.256617 -2.969597
2.319860 -3.260585 -2.991154
2.302138 -3.263088 -3.007535
2.284075 -3.265426 -3.022316
2.260536 -3.268067 -3.041578
2.243788 -3.269588 -3.054811
2.228577 -3.270848 -3.066550
2.209530 -3.272170 -3.081704
2.195082 -3.272988 -3.091256
2.179791 -3.273654 -3.099846
2.157086 -3.274524 -3.109771
2.140822 -3.274990 -3.117775
2.125188 -3.275330 -3.121937
2.105653 -3.275704 -3.123378
2.090478 -3.275969 -3.125192
2.075059 -3.276224 -3.125032
2.052975 -3.276615 -3.121083
2.034692 -3.277003 -3.118522
2.014870 -3.277480 -3.126686
1.995984 -3.277896 -3.112279
1.980440 -3.278367 -3.109504
1.964538 -3.278886 -3.106997
1.941903 -3.279703 -3.102995
1.923156 -3.280445 -3.099740
1.899262 -3.281481 -3.095311
1.881499 -3.282327 -3.089922
1.863943 -3.283262 -3.084852
1.839866 -3.284679 -3.078076
1.821461 -3.285887 -3.072900
1.803162 -3.287184 -3.067457
1.777159 -3.289137 -3.064202
1.756359 -3.290776 -3.060627
1.735264 -3.292505 -3.058280
1.708895 -3.294768 -3.052410
1.690928 -3.296407 -3.047021
1.671797 -3.298122 -3.042859
1.645842 -3.300779 -3.035175
1.626860 -3.302835 -3.030586
1.605684 -3.305227 -3.025891
1.577440 -3.308548 -3.021782
1.554843 -3.311303 -3.017033
1.530401 -3.314395 -3.013138
1.497764 -3.318666 -3.008122
1.473385 -3.321792 -3.002839
1.450413 -3.325019 -3.000545
1.419856 -3.329412 -2.995102
1.395573 -3.333024 -2.992061
1.368610 -3.337112 -2.988859
1.330845 -3.342957 -2.987259
1.302892 -3.347337 -2.984431
1.276483 -3.351524 -2.984484
1.242943 -3.356899 -2.979735
1.217666 -3.361047 -2.977761
1.189231 -3.365782 -2.974986
1.150261 -3.372111 -2.971464
1.122308 -3.376934 -2.969970
1.093948 -3.381591 -2.969330
1.057482 -3.387970 -2.967462
1.031660 -3.392525 -2.966022
1.006185 -3.397057 -2.964794
0.972483 -3.403105 -2.962233
0.946048 -3.407910 -2.960953
0.917960 -3.413045 -2.960686
0.879043 -3.420192 -2.959725
0.850090 -3.425225 -2.962233
0.822297 -3.430210 -2.970717
0.786974 -3.436006 -2.993342
0.760904 -3.439733 -3.012818
0.733764 -3.443062 -3.032721
0.696964 -3.446664 -3.062815
0.670035 -3.448577 -3.085920
0.643083 -3.449887 -3.107263
0.608983 -3.450705 -3.134743
0.584736 -3.450721 -3.152992
0.562493 -3.450335 -3.170974
0.533976 -3.449243 -3.193919
0.511636 -3.447962 -3.208859
0.489922 -3.446387 -3.223800
0.463535 -3.444020 -3.242049
0.443500 -3.441922 -3.253201
0.417315 -3.438850 -3.267021
0.398463 -3.436432 -3.273744
0.378928 -3.433798 -3.278386
0.359274 -3.431077 -3.280520
0.334679 -3.427507 -3.284896
0.318606 -3.425174 -3.286817
0.304459 -3.423096 -3.289538
0.289007 -3.420791 -3.290445
0.276265 -3.418867 -3.292953
0.256920 -3.415917 -3.292793
0.240793 -3.413452 -3.293167
0.224767 -3.411001 -3.293807
0.204100 -3.407835 -3.292633
0.188824 -3.405523 -3.291192
0.173385 -3.403137 -3.287084
0.151084 -3.399904 -3.282335
0.133657 -3.397369 -3.277372
0.116991 -3.395118 -3.273317
0.097472 -3.392576 -3.267287
0.083883 -3.390888 -3.260831
0.069797 -3.389231 -3.255548
0.049392 -3.386950 -3.247651
0.033495 -3.385296 -3.241035
0.017768 -3.383677 -3.234418
-0.003379 -3.381708 -3.225080
-0.019682 -3.380383 -3.217397
-0.036570 -3.379141 -3.210033
-0.055636 -3.377891 -3.211687
-0.075253 -3.376679 -3.193065
-0.091964 -3.375859 -3.185808
-0.115889 -3.374864 -3.178605
-0.135445 -3.374186 -3.171508
-0.154862 -3.373646 -3.165585
-0.180559 -3.373121 -3.155607
-0.198470 -3.372905 -3.149844
-0.217174 -3.372799 -3.142214
-0.245237 -3.372860 -3.133516
-0.267482 -3.373091 -3.126099
-0.289380 -3.373479 -3.119963
-0.316916 -3.374170 -3.111479
-0.336805 -3.374817 -3.103688
-0.356429 -3.375604 -3.098032
-0.384216 -3.376932 -3.085760
-0.406681 -3.378285 -3.073327
-0.429889 -3.379963 -3.062121
-0.461267 -3.382619 -3.048728
-0.484616 -3.384700 -3.038057
-0.506993 -3.387098 -3.029252
-0.536088 -3.390456 -3.023489
-0.558032 -3.393092 -3.019381
-0.579169 -3.395562 -3.015966
-0.606624 -3.399050 -3.013298
-0.628301 -3.401852 -3.011697
-0.646375 -3.404220 -3.010523
-0.666931 -3.406942 -3.009349
-0.680019 -3.408681 -3.009189
-0.690311 -3.410046 -3.010203
-0.702046 -3.411586 -3.012978
-0.709829 -3.412594 -3.012071
-0.718111 -3.413670 -3.012924
-0.730279 -3.415226 -3.016980
-0.737495 -3.416129 -3.017246
-0.741967 -3.416686 -3.018580
-0.744782 -3.417032 -3.020768
-0.744868 -3.417043 -3.020982
-0.745268 -3.417091 -3.020448
-0.749756 -3.417638 -3.020448
-0.753759 -3.418124 -3.020875
-0.754588 -3.418225 -3.021195
-0.754559 -3.418221 -3.021195
-0.753530 -3.418097 -3.021729
-0.752658 -3.417992 -3.022636
-0.751471 -3.417850 -3.023223
-0.748125 -3.417454 -3.023436
-0.744536 -3.417027 -3.019861
-0.739004 -3.416357 -3.021942
-0.737889 -3.416223 -3.021302
-0.738004 -3.416237 -3.021195
-0.738032 -3.416240 -3.021088
-0.738032 -3.416240 -3.021088
-0.738204 -3.416261 -3.020555
-0.738247 -3.416266 -3.020395
-0.738490 -3.416296 -3.020021
-0.739747 -3.416450 -3.020021
-0.740705 -3.416567 -3.020181
-0.742577 -3.416794 -3.021195
-0.744050 -3.416972 -3.021462
-0.743549 -3.416912 -3.021408
-0.742878 -3.416831 -3.021248
-0.740919 -3.416593 -3.020768
-0.740462 -3.416538 -3.021195
-0.740476 -3.416540 -3.021035
-0.740476 -3.416540 -3.021035
-0.740648 -3.416560 -3.020608
-0.742263 -3.416757 -3.020341
-0.743649 -3.416926 -3.020928
-0.743835 -3.416948 -3.020661
-0.744550 -3.417035 -3.020448
-0.744678 -3.417051 -3.020608
-0.744664 -3.417049 -3.020555
-0.744693 -3.417053 -3.020555
-0.744636 -3.417046 -3.020448
-0.744607 -3.417042 -3.020448
-0.744564 -3.417037 -3.020395
-0.743807 -3.416944 -3.020021
-0.742406 -3.416773 -3.018954
-0.741477 -3.416659 -3.019114
-0.741334 -3.416641 -3.019221
-0.740777 -3.416573 -3.018527
-0.740648 -3.416557 -3.018047
-0.740462 -3.416534 -3.018740
-0.740548 -3.416544 -3.018634
-0.740591 -3.416550 -3.018580
-0.740877 -3.416585 -3.018367
-0.742777 -3.416821 -3.018207
-0.744906 -3.417084 -3.019541
-0.744978 -3.417093 -3.019594
-0.745092 -3.417107 -3.019914
-0.744992 -3.417095 -3.019648
-0.745021 -3.417098 -3.019541
-0.744878 -3.417081 -3.019221
-0.744792 -3.417070 -3.019221
-0.744049 -3.416979 -3.019007
-0.742820 -3.416827 -3.018901
-0.742677 -3.416809 -3.018901
-0.741234 -3.416630 -3.017246
-0.738848 -3.416331 -3.016873
-0.738162 -3.416245 -3.017407
-0.738405 -3.416275 -3.017246
-0.738405 -3.416275 -3.017246
-0.738834 -3.416329 -3.017353
-0.740920 -3.416590 -3.016713
-0.742491 -3.416787 -3.017567
-0.742934 -3.416842 -3.018367
-0.743263 -3.416883 -3.017780
-0.743220 -3.416877 -3.017620
-0.743220 -3.416877 -3.017620
-0.743049 -3.416856 -3.017300
-0.742791 -3.416824 -3.017086
-0.741606 -3.416675 -3.016286
-0.737820 -3.416197 -3.015486
-0.736020 -3.415968 -3.015379
-0.734777 -3.415811 -3.016286
-0.734020 -3.415716 -3.016873
-0.733949 -3.415707 -3.016606
-0.733863 -3.415696 -3.016713
-0.733349 -3.415632 -3.016393
-0.733320 -3.415628 -3.016286
-0.733334 -3.415630 -3.016339
-0.733320 -3.415628 -3.016286
-0.733320 -3.415628 -3.016286
-0.733763 -3.415684 -3.016339
-0.735020 -3.415842 -3.016339
-0.735377 -3.415887 -3.016073
-0.735520 -3.415905 -3.015966
-0.736934 -3.416085 -3.014098
-0.736863 -3.416076 -3.013831
-0.736677 -3.416052 -3.013778
-0.736606 -3.416043 -3.013725
-0.736506 -3.416030 -3.013992
-0.734278 -3.415743 -3.013778
-0.730465 -3.415250 -3.014792
-0.727837 -3.414915 -3.013938
-0.727866 -3.414918 -3.013831
-0.728723 -3.415028 -3.014365
-0.731408 -3.415372 -3.014365
-0.732550 -3.415518 -3.013618
-0.732565 -3.415520 -3.013565
-0.732565 -3.415520 -3.013565
-0.732579 -3.415521 -3.013511
-0.732579 -3.415521 -3.013618
-0.732822 -3.415553 -3.012924
-0.732822 -3.415553 -3.012924
-0.732822 -3.415553 -3.012924
-0.732807 -3.415551 -3.012978
-0.732479 -3.415508 -3.012284
-0.731922 -3.415436 -3.012978
-0.729395 -3.415108 -3.013351
-0.728852 -3.415038 -3.013671
-0.728938 -3.415049 -3.013885
-0.728766 -3.415027 -3.014098
-0.728795 -3.415030 -3.014098
-0.728823 -3.415034 -3.014098
-0.728852 -3.415038 -3.014098
-0.730037 -3.415189 -3.014792
-0.731794 -3.415413 -3.013671
-0.732994 -3.415568 -3.012711
-0.733165 -3.415590 -3.012604
-0.733165 -3.415590 -3.012604
-0.733151 -3.415588 -3.012551
-0.733137 -3.415586 -3.012604
-0.733137 -3.415586 -3.012604
-0.733137 -3.415586 -3.012604
-0.732880 -3.415553 -3.011964
-0.732551 -3.415510 -3.011804
-0.729610 -3.415127 -3.012231
-0.725926 -3.414649 -3.012978
-0.724269 -3.414435 -3.014365
-0.724384 -3.414450 -3.014899
-0.724769 -3.414499 -3.015272
-0.726898 -3.414768 -3.015539
-0.729697 -3.415123 -3.015005
-0.731768 -3.415388 -3.013138
-0.732026 -3.415421 -3.012604
-0.732068 -3.415427 -3.012551
-0.732425 -3.415473 -3.012177
-0.732425 -3.415473 -3.012177
-0.732468 -3.415479 -3.012124
-0.732468 -3.415479 -3.012124
-0.732482 -3.415481 -3.012177
-0.732468 -3.415479 -3.012124
-0.732454 -3.415477 -3.012177
-0.732454 -3.415477 -3.012177
-0.732268 -3.415453 -3.012124
-0.731155 -3.415308 -3.012231
-0.729898 -3.415144 -3.012551
-0.728584 -3.414974 -3.013511
-0.727442 -3.414827 -3.012658
-0.727499 -3.414834 -3.012764
-0.727499 -3.414834 -3.012658
-0.727556 -3.414842 -3.012658
-0.728242 -3.414930 -3.012871
-0.730098 -3.415170 -3.014152
-0.732040 -3.415419 -3.013084
-0.734339 -3.415717 -3.012924
-0.737153 -3.416079 -3.012337
-0.736753 -3.416027 -3.011377
-0.735939 -3.415920 -3.011003
-0.733184 -3.415558 -3.011804
-0.729329 -3.415054 -3.011057
-0.727673 -3.414837 -3.012124
-0.727744 -3.414847 -3.012071
-0.728515 -3.414947 -3.012604
-0.730786 -3.415241 -3.012764
-0.732571 -3.415472 -3.011750
-0.732585 -3.415474 -3.011697
-0.732885 -3.415513 -3.011324
-0.733185 -3.415552 -3.011697
-0.735883 -3.415905 -3.011324
-0.738539 -3.416254 -3.011110
-0.738753 -3.416282 -3.010630
-0.738424 -3.416238 -3.010150
-0.737040 -3.416055 -3.010096
-0.733400 -3.415574 -3.010577
-0.729231 -3.415025 -3.010683
-0.726947 -3.414725 -3.011644
-0.727018 -3.414734 -3.011804
-0.727104 -3.414745 -3.011697
-0.727190 -3.414757 -3.011804
-0.727432 -3.414788 -3.012071
-0.728960 -3.414987 -3.012444
-0.732944 -3.415504 -3.012177
-0.733672 -3.415599 -3.012337
-0.734800 -3.415746 -3.011644
-0.735600 -3.415851 -3.011217
-0.735571 -3.415847 -3.011324
-0.735528 -3.415841 -3.011163
-0.735386 -3.415823 -3.011057
-0.733416 -3.415563 -3.010950
-0.729461 -3.415044 -3.010577
-0.727048 -3.414727 -3.011590
-0.727063 -3.414728 -3.011857
-0.727105 -3.414734 -3.011911
-0.727177 -3.414743 -3.012071
-0.727191 -3.414745 -3.012124
-0.728391 -3.414901 -3.012658
-0.731189 -3.415263 -3.015219
-0.735745 -3.415848 -3.011430
-0.737230 -3.416043 -3.010897
-0.736959 -3.416007 -3.010630
-0.736945 -3.416005 -3.010577
-0.736916 -3.416002 -3.010363
-0.736045 -3.415887 -3.010310
-0.733704 -3.415577 -3.010523
-0.729350 -3.415003 -3.010150
-0.726738 -3.414659 -3.011590
-0.726766 -3.414663 -3.011804
-0.727252 -3.414726 -3.012231
-0.729622 -3.415033 -3.012764
-0.731207 -3.415238 -3.012497
-0.731750 -3.415309 -3.011644
-0.733349 -3.415518 -3.011324
-0.737104 -3.416010 -3.010416
-0.739859 -3.416374 -3.010577
-0.739816 -3.416368 -3.010523
-0.739316 -3.416303 -3.010577
-0.737632 -3.416080 -3.010363
-0.733720 -3.415564 -3.010363
-0.727168 -3.414699 -3.010737
-0.725855 -3.414527 -3.011270
-0.726297 -3.414585 -3.011964
-0.728239 -3.414837 -3.012497
-0.731666 -3.415281 -3.012711
-0.736450 -3.415904 -3.010843
-0.738191 -3.416133 -3.010737
-0.738263 -3.416142 -3.010577
-0.738405 -3.416161 -3.010363
-0.739490 -3.416304 -3.010790
-0.740747 -3.416470 -3.010470
-0.740732 -3.416468 -3.010630
-0.740675 -3.416460 -3.010737
-0.740504 -3.416438 -3.010310
-0.740204 -3.416398 -3.010470
-0.738848 -3.416219 -3.010096
-0.736407 -3.415896 -3.010043
-0.735336 -3.415754 -3.010310
-0.735436 -3.415768 -3.010577
-0.735708 -3.415803 -3.010737
-0.736550 -3.415914 -3.010897
-0.737107 -3.415987 -3.010843
-0.739120 -3.416252 -3.010683
-0.743902 -3.416882 -3.010843
-0.746714 -3.417252 -3.010897
-0.747442 -3.417347 -3.011804
-0.747971 -3.417416 -3.012071
-0.749613 -3.417630 -3.012764
-0.751269 -3.417844 -3.012978
-0.752040 -3.417944 -3.014365
-0.752069 -3.417947 -3.014365
-0.752197 -3.417964 -3.014632
-0.752326 -3.417980 -3.015112
-0.752340 -3.417982 -3.015165
-0.752397 -3.417989 -3.015165
-0.752369 -3.417986 -3.015165
-0.752340 -3.417982 -3.015059
-0.752340 -3.417982 -3.015059
-0.752340 -3.417982 -3.015059
-0.751783 -3.417911 -3.015859
-0.750926 -3.417803 -3.014899
-0.750698 -3.417774 -3.014472
-0.749869 -3.417668 -3.013938
-0.749855 -3.417666 -3.013885
-0.749926 -3.417675 -3.013938
-0.750383 -3.417734 -3.014045
-0.750940 -3.417805 -3.014205
-0.752726 -3.418033 -3.015219
-0.755826 -3.418426 -3.015592
-0.758468 -3.418761 -3.014792
-0.758582 -3.418776 -3.014045
-0.758739 -3.418796 -3.013885
-0.758739 -3.418796 -3.013885
-0.758739 -3.418796 -3.013885
-0.758739 -3.418796 -3.013885
-0.758739 -3.418796 -3.013885
-0.758725 -3.418794 -3.013831
-0.758654 -3.418785 -3.013565
-0.757212 -3.418598 -3.012978
-0.755412 -3.418366 -3.012978
-0.755055 -3.418319 -3.012818
-0.754998 -3.418312 -3.013138
-0.755012 -3.418314 -3.013084
-0.754984 -3.418310 -3.013191
-0.754984 -3.418310 -3.013191
-0.754984 -3.418310 -3.013191
-0.754984 -3.418310 -3.013191
-0.754984 -3.418310 -3.013191
-0.755127 -3.418329 -3.013298
-0.755141 -3.418330 -3.013351
-0.755355 -3.418358 -3.013618
-0.756983 -3.418567 -3.013831
-0.760140 -3.418972 -3.013778
-0.760896 -3.419069 -3.013191
-0.760939 -3.419075 -3.012924
-0.760797 -3.419056 -3.012924
-0.760739 -3.419049 -3.012924
-0.760754 -3.419051 -3.012764
-0.760739 -3.419049 -3.012711
-0.760582 -3.419029 -3.012231
-0.759369 -3.418870 -3.011750
-0.757498 -3.418626 -3.011270
-0.755914 -3.418418 -3.012071
-0.755956 -3.418424 -3.012017
-0.755942 -3.418422 -3.011964
-0.755942 -3.418422 -3.011964
-0.755956 -3.418424 -3.011911
-0.755956 -3.418424 -3.011911
-0.756056 -3.418437 -3.012071
-0.756442 -3.418487 -3.012124
-0.756456 -3.418489 -3.011964
-0.756656 -3.418515 -3.012284
-0.756813 -3.418536 -3.012444
-0.757270 -3.418595 -3.012337
-0.757998 -3.418690 -3.012391
-0.757970 -3.418686 -3.012497
-0.757970 -3.418686 -3.012391
-0.756256 -3.418463 -3.012284
-0.753915 -3.418158 -3.011964
-0.752658 -3.417994 -3.013671
-0.752672 -3.417996 -3.013725
-0.752601 -3.417987 -3.013992
-0.752230 -3.417939 -3.014632
-0.751387 -3.417832 -3.014685
-0.751258 -3.417815 -3.014312
-0.751187 -3.417806 -3.014045
-0.751158 -3.417803 -3.013938
-0.751187 -3.417806 -3.013725
-0.751216 -3.417810 -3.013618
-0.751573 -3.417856 -3.013138
-0.753486 -3.418102 -3.014418
-0.756500 -3.418487 -3.013725
-0.756186 -3.418447 -3.012871
-0.755886 -3.418408 -3.012818
-0.755700 -3.418384 -3.012764
-0.754558 -3.418236 -3.012658
-0.752573 -3.417979 -3.013244
-0.750574 -3.417721 -3.013458
-0.750617 -3.417727 -3.013405
-0.750345 -3.417692 -3.013565
-0.750317 -3.417688 -3.013565
-0.750302 -3.417686 -3.013618
-0.750302 -3.417686 -3.013618
-0.750302 -3.417686 -3.013618
-0.750302 -3.417686 -3.013618
-0.750302 -3.417686 -3.013618
-0.750302 -3.417686 -3.013618
-0.750302 -3.417686 -3.013618
-0.750417 -3.417701 -3.013618
-0.750431 -3.417703 -3.013565
-0.750517 -3.417714 -3.013351
-0.751830 -3.417883 -3.013458
-0.753630 -3.418113 -3.015592
-0.753773 -3.418131 -3.015272
-0.753716 -3.418124 -3.015272
-0.753673 -3.418118 -3.015326
-0.753659 -3.418117 -3.015379
-0.753002 -3.418033 -3.015486
-0.749616 -3.417601 -3.014899
-0.747517 -3.417333 -3.013992
-0.747517 -3.417333 -3.013885
-0.747188 -3.417291 -3.013831
-0.747360 -3.417313 -3.013511
-0.747331 -3.417309 -3.013618
-0.747345 -3.417311 -3.013565
-0.747531 -3.417335 -3.013405
-0.747702 -3.417357 -3.013725
-0.749331 -3.417567 -3.013405
-0.751458 -3.417841 -3.012924
-0.751358 -3.417828 -3.013511
-0.751244 -3.417814 -3.013405
-0.750859 -3.417764 -3.013351
-0.750730 -3.417747 -3.013405
-0.750102 -3.417666 -3.013405
-0.750116 -3.417668 -3.013351
-0.750002 -3.417654 -3.013351
-0.749816 -3.417630 -3.012978
-0.748117 -3.417410 -3.013671
-0.745717 -3.417102 -3.013351
-0.746231 -3.417168 -3.012497
-0.746174 -3.417161 -3.012391
-0.746431 -3.417194 -3.012391
-0.746417 -3.417193 -3.012337
-0.747188 -3.417293 -3.012124
-0.749887 -3.417644 -3.012497
-0.750301 -3.417698 -3.012871
-0.750244 -3.417690 -3.012871
-0.749515 -3.417596 -3.012924
-0.748773 -3.417500 -3.012924
-0.748759 -3.417498 -3.012871
-0.748744 -3.417496 -3.012924
-0.748559 -3.417472 -3.013191
-0.746616 -3.417222 -3.013938
-0.742918 -3.416746 -3.012497
-0.743289 -3.416795 -3.012818
-0.743732 -3.416852 -3.012658
-0.745431 -3.417073 -3.011964
-0.746987 -3.417276 -3.012017
-0.746859 -3.417259 -3.012071
-0.746801 -3.417252 -3.011857
-0.746958 -3.417272 -3.011590
-0.747130 -3.417294 -3.011804
-0.747201 -3.417304 -3.011857
-0.747915 -3.417397 -3.012177
-0.748115 -3.417423 -3.012497
-0.747915 -3.417397 -3.013244
-0.747230 -3.417308 -3.013351
-0.744573 -3.416966 -3.012711
-0.741418 -3.416555 -3.011163
-0.739776 -3.416339 -3.009936
-0.739705 -3.416329 -3.009669
-0.739505 -3.416303 -3.009243
-0.739120 -3.416252 -3.008656
-0.736808 -3.415942 -3.008656
-0.734439 -3.415625 -3.008549
-0.734381 -3.415617 -3.008015
-0.734353 -3.415613 -3.008122
-0.734367 -3.415615 -3.008069
