-0.161581 0.006651 -0.015474
-0.166807 0.006733 -0.016275
-0.169686 0.006780 -0.016275
-0.170046 0.006786 -0.016008
-0.170017 0.006786 -0.016328
-0.169974 0.006785 -0.016168
-0.169744 0.006781 -0.015741
-0.169110 0.006771 -0.015848
-0.166274 0.006726 -0.016328
-0.159608 0.006618 -0.015954
-0.158197 0.006595 -0.015101
-0.158125 0.006594 -0.014620
-0.158572 0.006601 -0.014567
-0.159003 0.006607 -0.014567
-0.160990 0.006636 -0.014780
-0.166965 0.006727 -0.016221
-0.170694 0.006789 -0.014140
-0.173833 0.006837 -0.017235
-0.173804 0.006836 -0.017128
-0.173861 0.006837 -0.017448
-0.173847 0.006837 -0.017502
-0.173847 0.006837 -0.017502
-0.173847 0.006837 -0.017502
-0.173703 0.006834 -0.017609
-0.172163 0.006807 -0.018302
-0.170637 0.006779 -0.018302
-0.170003 0.006767 -0.017448
-0.170032 0.006768 -0.017555
-0.170061 0.006768 -0.017555
-0.170061 0.006768 -0.017555
-0.170061 0.006768 -0.017555
-0.170075 0.006769 -0.017609
-0.170118 0.006769 -0.017662
-0.171400 0.006792 -0.017288
-0.173962 0.006837 -0.018142
-0.174970 0.006855 -0.018249
-0.174711 0.006850 -0.018035
-0.174020 0.006838 -0.017929
-0.173041 0.006821 -0.018142
-0.173026 0.006820 -0.018302
-0.173012 0.006820 -0.018249
-0.172695 0.006814 -0.018249
-0.171025 0.006783 -0.018996
-0.169686 0.006758 -0.017662
-0.169586 0.006756 -0.017395
-0.169370 0.006752 -0.016915
-0.169586 0.006756 -0.016861
-0.169686 0.006758 -0.017128
-0.171040 0.006781 -0.016915
-0.173718 0.006827 -0.017769
-0.175258 0.006854 -0.017395
-0.175488 0.006858 -0.017715
-0.176237 0.006872 -0.017929
-0.176727 0.006880 -0.017929
-0.177979 0.006902 -0.016808
-0.178598 0.006913 -0.015901
-0.178555 0.006912 -0.015954
-0.177979 0.006903 -0.015741
-0.176611 0.006882 -0.014941
-0.174265 0.006846 -0.015848
-0.172407 0.006816 -0.017395
-0.172407 0.006816 -0.017395
-0.172191 0.006812 -0.017875
-0.171846 0.006806 -0.017982
-0.169787 0.006769 -0.017395
-0.164561 0.006680 -0.016488
-0.152323 0.006489 -0.015848
-0.143959 0.006361 -0.020703
-0.131808 0.006147 -0.014727
-0.122104 0.006002 -0.014727
-0.120204 0.005974 -0.014087
-0.120319 0.005976 -0.014514
-0.120779 0.005982 -0.014620
-0.122838 0.006012 -0.014354
-0.125862 0.006055 -0.013927
-0.130599 0.006121 -0.014087
-0.134774 0.006179 -0.014300
-0.137538 0.006219 -0.014514
-0.140922 0.006268 -0.014567
-0.141325 0.006274 -0.014674
-0.141973 0.006284 -0.014620
-0.145270 0.006332 -0.015421
-0.148048 0.006375 -0.015581
-0.149502 0.006397 -0.014247
-0.149531 0.006398 -0.014247
-0.149618 0.006399 -0.013927
-0.150525 0.006412 -0.013980
-0.151072 0.006419 -0.013553
-0.150942 0.006418 -0.013286
-0.150798 0.006416 -0.013073
-0.149445 0.006398 -0.013927
-0.145975 0.006349 -0.013233
-0.142923 0.006307 -0.014727
-0.142563 0.006302 -0.014567
-0.142793 0.006305 -0.014140
-0.142707 0.006304 -0.014033
-0.142707 0.006304 -0.014033
-0.142649 0.006303 -0.013820
-0.142649 0.006303 -0.013820
-0.142649 0.006303 -0.013820
-0.142836 0.006306 -0.014087
-0.145097 0.006339 -0.015528
-0.148682 0.006395 -0.015367
-0.153159 0.006456 -0.014354
-0.154513 0.006476 -0.014780
-0.154772 0.006480 -0.014887
-0.154729 0.006479 -0.014941
-0.154916 0.006482 -0.014887
-0.155362 0.006489 -0.015261
-0.157047 0.006513 -0.013927
-0.159940 0.006552 -0.013660
-0.160329 0.006557 -0.013180
-0.160315 0.006557 -0.013340
-0.160315 0.006557 -0.013340
-0.160315 0.006557 -0.013340
-0.159595 0.006547 -0.013767
-0.158256 0.006529 -0.014140
-0.158285 0.006529 -0.014140
-0.157752 0.006522 -0.013873
-0.156787 0.006509 -0.013180
-0.155492 0.006492 -0.013286
-0.155247 0.006488 -0.014087
-0.155376 0.006490 -0.014460
-0.155463 0.006492 -0.014674
-0.155866 0.006497 -0.014460
-0.159278 0.006545 -0.013340
-0.162201 0.006584 -0.013607
-0.164058 0.006609 -0.014834
-0.163641 0.006603 -0.015741
-0.163597 0.006602 -0.015901
-0.162676 0.006588 -0.015688
-0.159998 0.006547 -0.014407
-0.157594 0.006512 -0.014033
-0.156744 0.006500 -0.013340
-0.156629 0.006499 -0.013020
-0.156298 0.006495 -0.012646
-0.155808 0.006488 -0.013073
-0.154426 0.006470 -0.014567
-0.154311 0.006468 -0.014567
-0.154354 0.006468 -0.014407
-0.154354 0.006468 -0.014407
-0.154383 0.006469 -0.014407
-0.154469 0.006470 -0.014620
-0.154570 0.006472 -0.014994
-0.154642 0.006473 -0.014941
-0.155621 0.006487 -0.014834
-0.159307 0.006540 -0.013553
-0.160963 0.006562 -0.013286
-0.161121 0.006565 -0.012699
-0.161136 0.006565 -0.012646
-0.161136 0.006565 -0.012646
-0.161107 0.006564 -0.012646
-0.160776 0.006560 -0.012486
-0.159149 0.006539 -0.013180
-0.156384 0.006500 -0.013180
-0.155333 0.006486 -0.013767
-0.153678 0.006462 -0.014994
-0.153231 0.006456 -0.015261
-0.152900 0.006451 -0.014994
-0.152828 0.006450 -0.014834
-0.152526 0.006445 -0.014354
-0.152526 0.006445 -0.014033
-0.152670 0.006447 -0.013713
-0.153073 0.006453 -0.013607
-0.156600 0.006503 -0.014194
-0.159379 0.006542 -0.014033
-0.159509 0.006544 -0.014194
-0.159753 0.006548 -0.014354
-0.159854 0.006549 -0.014407
-0.160228 0.006555 -0.014300
-0.160200 0.006554 -0.014194
-0.160171 0.006554 -0.014300
-0.159811 0.006549 -0.014247
-0.159365 0.006542 -0.014514
-0.157925 0.006521 -0.016221
-0.153073 0.006448 -0.014460
-0.150280 0.006408 -0.014674
-0.150121 0.006406 -0.014620
-0.150208 0.006407 -0.014620
-0.150208 0.006407 -0.014620
-0.150237 0.006408 -0.014620
-0.150467 0.006411 -0.013980
-0.152670 0.006441 -0.013393
-0.155333 0.006478 -0.014194
-0.157018 0.006502 -0.013607
-0.157493 0.006508 -0.012913
-0.157565 0.006509 -0.012860
-0.158400 0.006520 -0.012966
-0.158760 0.006524 -0.013660
-0.158760 0.006524 -0.013660
-0.158616 0.006522 -0.013767
-0.157896 0.006512 -0.014300
-0.154772 0.006468 -0.014033
-0.149733 0.006393 -0.014140
-0.148869 0.006381 -0.014247
-0.148855 0.006381 -0.014194
-0.148855 0.006381 -0.014194
-0.148869 0.006381 -0.014140
-0.148869 0.006381 -0.014140
-0.149085 0.006384 -0.013873
-0.149690 0.006392 -0.013767
-0.151605 0.006419 -0.013713
-0.154815 0.006463 -0.013980
-0.155621 0.006474 -0.014407
-0.155679 0.006475 -0.014407
-0.155679 0.006475 -0.014407
-0.155679 0.006475 -0.014407
-0.155679 0.006475 -0.014407
-0.155665 0.006475 -0.014460
-0.154254 0.006454 -0.015207
-0.153735 0.006446 -0.015101
-0.153289 0.006439 -0.015154
-0.151921 0.006419 -0.014994
-0.149762 0.006386 -0.014247
-0.148322 0.006365 -0.014354
-0.148192 0.006363 -0.014194
-0.147789 0.006357 -0.014194
-0.147631 0.006355 -0.014033
-0.147688 0.006356 -0.013927
-0.147588 0.006355 -0.013980
-0.147631 0.006355 -0.013927
-0.000000 0.000000 0.000000
-0.000000 0.000000 0.000000
-0.000302 -0.000000 0.000694
-0.001037 -0.000001 0.000427
-0.002016 -0.000001 -0.000000
-0.003398 -0.000001 0.000107
-0.003384 -0.000001 0.000374
-0.003456 -0.000001 0.000427
-0.003816 -0.000001 0.001121
-0.003816 -0.000001 0.001121
-0.003816 -0.000001 0.001227
-0.004363 -0.000002 0.000694
-0.003830 -0.000001 0.001494
-0.003297 -0.000001 -0.000267
0.000706 0.000001 0.001441
0.001641 0.000002 0.001174
0.003456 0.000004 0.000534
0.006249 0.000004 0.000747
0.008438 0.000007 0.000960
0.011937 0.000010 0.001441
0.020130 0.000018 0.003308
0.024061 0.000031 0.000694
0.027560 0.000038 0.003842
0.030454 0.000049 0.004749
0.034053 0.000065 0.004429
0.040677 0.000096 0.004962
0.050036 0.000149 0.000480
0.059179 0.000179 0.002028
0.067473 0.000219 0.007364
0.078891 0.000294 0.009338
0.090568 0.000406 0.009498
0.102361 0.000477 0.010725
0.122316 0.000696 0.011152
0.136714 0.000860 0.012113
0.155576 0.001092 0.012753
0.180902 0.001322 0.013980
0.196668 0.001478 0.003041
0.219575 0.001711 0.016435
0.245317 0.002142 0.016755
0.266279 0.002494 0.016328
0.287759 0.002847 0.016114
0.316769 0.003294 0.015314
0.340007 0.003643 0.014887
0.364353 0.004005 0.014834
0.397166 0.004287 0.014033
0.422606 0.004643 0.014194
0.448536 0.005005 0.013500
0.480643 0.005434 -0.003895
0.507770 0.005544 -0.005816
0.539417 0.005668 0.011152
0.574577 0.006042 0.010618
0.600379 0.006317 0.010832
0.626166 0.006604 0.011952
0.661023 0.007033 0.012433
0.686133 0.007337 0.011472
0.710855 0.007613 0.011205
0.743394 0.007982 0.011739
0.766533 0.008082 0.011792
0.788504 0.008332 0.010832
0.815400 0.008485 0.010298
0.834967 0.008681 0.009605
0.854262 0.008748 0.008431
0.879387 0.008948 0.006670
0.897630 0.009067 0.006510
0.912533 0.009158 -0.005283
0.937759 0.009196 0.004109
0.952158 0.009255 0.003255
0.966312 0.009307 0.003842
0.985261 0.009373 0.002988
1.000582 0.009409 0.002134
1.016723 0.009432 0.001547
1.039200 0.009459 0.000854
1.052821 0.009472 -0.009071
1.070100 0.009411 0.000320
1.089841 0.009423 0.000587
1.105708 0.009433 0.001227
1.124412 0.009446 0.000640
1.150748 0.009467 0.001014
1.170777 0.009482 -0.000320
1.190417 0.009483 -0.000107
1.214636 0.009457 -0.002881
1.232246 0.009405 -0.003788
1.250706 0.009331 -0.003788
1.275630 0.009216 -0.005870
1.294737 0.009099 -0.006243
1.314002 0.008973 -0.006777
1.338278 0.008798 -0.007630
1.356478 0.008649 -0.008164
1.373669 0.008416 -0.007844
1.393927 0.008260 -0.008217
1.408902 0.008140 -0.008111
1.425374 0.008013 -0.007150
1.447676 0.007755 -0.008591
1.464133 0.007614 -0.009391
1.478848 0.007480 -0.009605
1.495507 0.007316 -0.010298
1.506363 0.007208 -0.009978
1.516759 0.007106 -0.009551
1.533561 0.006891 -0.009284
1.547080 0.006712 -0.008591
1.559924 0.006596 -0.008271
1.574596 0.006471 -0.008217
1.584430 0.006385 -0.008698
1.595387 0.006295 -0.007470
1.602658 0.006239 -0.007630
1.611110 0.006172 -0.008537
1.624731 0.006067 -0.007150
1.632622 0.005992 -0.007043
1.637834 0.005952 -0.010138
1.641246 0.005910 -0.016808
1.642787 0.005881 -0.022304
1.643247 0.005871 -0.021557
1.643449 0.005867 -0.021771
1.643823 0.005858 -0.023158
1.644716 0.005837 -0.026573
1.646457 0.005787 -0.033029
1.648587 0.005711 -0.040606
1.649954 0.005653 -0.045782
1.651464 0.005580 -0.052665
1.652513 0.005523 -0.059122
1.653146 0.005483 -0.064458
1.654165 0.005410 -0.081693
1.656862 0.005175 -0.094606
1.661532 0.004705 -0.110400
1.671413 0.003533 -0.128169
1.680146 0.002356 -0.138841
1.689154 0.001063 -0.150366
1.702113 -0.000965 -0.162799
1.712906 -0.002774 -0.174324
1.726168 -0.005173 -0.187237
1.745931 -0.009071 -0.206927
1.759446 -0.011973 -0.219946
1.774357 -0.015361 -0.230725
1.796028 -0.020578 -0.244492
1.813953 -0.025107 -0.252495
1.833517 -0.030200 -0.258792
1.860442 -0.037420 -0.267009
1.879916 -0.042793 -0.272825
1.899001 -0.048168 -0.278001
1.925015 -0.055654 -0.284298
1.947783 -0.062339 -0.287926
1.972541 -0.069709 -0.292942
2.005075 -0.079622 -0.301372
2.027936 -0.086796 -0.310657
2.049243 -0.093721 -0.321969
2.077411 -0.103287 -0.336269
2.098411 -0.110717 -0.347208
2.120964 -0.118975 -0.358307
2.153536 -0.131395 -0.374048
2.178396 -0.141280 -0.387708
2.202571 -0.151281 -0.400994
2.232221 -0.164086 -0.418763
2.252882 -0.173401 -0.432102
2.273559 -0.183060 -0.446136
2.301478 -0.196634 -0.464065
2.323176 -0.207619 -0.478738
2.344998 -0.219084 -0.493679
2.370931 -0.233302 -0.515023
2.388303 -0.243241 -0.528576
2.404164 -0.252600 -0.542182
2.424709 -0.265178 -0.560911
2.440815 -0.275404 -0.574625
2.456354 -0.285554 -0.586097
2.476677 -0.299198 -0.599864
2.491204 -0.309203 -0.609415
2.505425 -0.319193 -0.618326
2.522816 -0.331682 -0.629691
2.534673 -0.340374 -0.636788
2.547259 -0.349727 -0.642711
2.564845 -0.362971 -0.648954
2.576188 -0.371605 -0.652689
2.585534 -0.378773 -0.656318
2.595681 -0.386601 -0.658772
2.603251 -0.392465 -0.660319
2.610242 -0.397899 -0.660800
2.616688 -0.402910 -0.662027
2.620095 -0.405566 -0.662347
2.623304 -0.408077 -0.662507
2.628490 -0.412127 -0.663628
2.633052 -0.415690 -0.662027
2.636618 -0.418469 -0.663094
2.638637 -0.420048 -0.663308
2.639772 -0.420934 -0.663414
2.640124 -0.421209 -0.663681
2.641122 -0.421990 -0.663361
2.644333 -0.424498 -0.662881
2.647976 -0.427343 -0.664215
2.649665 -0.428665 -0.662667
2.649620 -0.428630 -0.663521
2.650334 -0.429190 -0.668697
2.650696 -0.429475 -0.680329
2.651095 -0.429828 -0.703861
2.650137 -0.429042 -0.746121
2.651980 -0.430782 -0.780591
2.651625 -0.430424 -0.803696
2.651792 -0.430604 -0.846223
2.652772 -0.431754 -0.889284
2.654007 -0.433292 -0.904704
2.653679 -0.432873 -0.935386
2.653946 -0.433266 -0.986771
2.654999 -0.434900 -1.017025
2.656085 -0.436683 -1.038102
2.656586 -0.437541 -1.075614
2.656703 -0.437772 -1.105175
2.657919 -0.440271 -1.135536
2.659499 -0.443744 -1.162589
2.659793 -0.444433 -1.184360
2.659906 -0.444729 -1.211893
2.661215 -0.448374 -1.243322
2.662216 -0.451379 -1.260717
2.663266 -0.454732 -1.279499
2.664330 -0.458381 -1.305965
2.664442 -0.458798 -1.323360
2.664751 -0.460072 -1.337821
2.665507 -0.463503 -1.365034
2.666446 -0.468131 -1.382642
2.666994 -0.471076 -1.396089
2.667261 -0.472622 -1.415672
2.667265 -0.472651 -1.429758
2.667631 -0.475377 -1.443792
2.667768 -0.476448 -1.440750
2.667896 -0.477419 -1.437869
2.668138 -0.479202 -1.431626
2.668381 -0.480913 -1.425223
2.668614 -0.482479 -1.416579
2.668514 -0.481956 -1.394648
2.668528 -0.482291 -1.331097
2.668270 -0.481227 -1.268987
2.668496 -0.481895 -1.201061
2.669313 -0.483863 -1.142259
2.670882 -0.487119 -1.086179
2.673408 -0.491661 -1.028391
2.675253 -0.494633 -0.990346
2.677880 -0.498523 -0.956089
2.683447 -0.506172 -0.920285
2.688064 -0.512139 -0.898515
2.693200 -0.518522 -0.884588
2.701804 -0.529008 -0.878185
2.709448 -0.538232 -0.879039
2.717856 -0.548394 -0.880960
2.730070 -0.563275 -0.888163
2.740213 -0.575813 -0.895953
2.750352 -0.588574 -0.906519
2.763077 -0.605163 -0.925728
2.772688 -0.618077 -0.940135
2.783358 -0.632821 -0.952728
2.798583 -0.654521 -0.969856
2.809913 -0.671229 -0.984476
2.821121 -0.688467 -0.998670
2.835950 -0.712104 -1.018199
2.846745 -0.729807 -1.032073
2.857490 -0.747993 -1.046853
2.872546 -0.774464 -1.063341
2.884424 -0.796048 -1.076094
2.895731 -0.817205 -1.087513
2.909896 -0.844570 -1.102240
2.919877 -0.864483 -1.113285
2.929642 -0.884536 -1.125611
2.942816 -0.912930 -1.140979
2.952813 -0.934974 -1.153198
2.962070 -0.956729 -1.165897
2.972659 -0.981969 -1.189215
2.978962 -0.997964 -1.208531
2.984069 -1.011673 -1.225073
2.989642 -1.027541 -1.245776
2.993162 -1.038145 -1.260290
2.995848 -1.046704 -1.275711
2.998585 -1.055910 -1.291558
3.000313 -1.062020 -1.302604
3.002264 -1.069234 -1.313542
3.005033 -1.079910 -1.324001
3.006869 -1.087303 -1.334832
3.008022 -1.092149 -1.340489
3.009513 -1.098529 -1.343743
3.010773 -1.104031 -1.348866
3.012382 -1.111211 -1.352548
3.014448 -1.120634 -1.359698
3.015646 -1.126297 -1.367382
3.016491 -1.130445 -1.374959
3.017608 -1.136198 -1.385043
3.018961 -1.143504 -1.392727
3.020617 -1.152862 -1.401265
3.023179 -1.168361 -1.416899
3.025169 -1.181530 -1.429332
3.027223 -1.196407 -1.439843
3.029843 -1.217106 -1.453130
3.031878 -1.234801 -1.462894
3.033940 -1.254434 -1.472446
3.036638 -1.284651 -1.483918
3.038658 -1.308684 -1.492936
3.040576 -1.334112 -1.500566
3.042996 -1.370317 -1.509850
3.044644 -1.398058 -1.513906
3.046196 -1.425761 -1.517161
3.048275 -1.465578 -1.520949
3.049800 -1.497219 -1.525645
3.050870 -1.529251 -1.531194
3.052377 -1.570923 -1.539945
3.053263 -1.600874 -1.543947
3.053977 -1.629318 -1.549710
3.054699 -1.666446 -1.553605
3.055125 -1.694059 -1.558727
3.055414 -1.721834 -1.563370
3.055588 -1.756693 -1.568652
3.055610 -1.781214 -1.572547
3.055543 -1.804843 -1.575269
3.055414 -1.830761 -1.589889
3.055104 -1.855957 -1.580285
3.054825 -1.879281 -1.587435
3.054585 -1.892440 -1.592557
3.054338 -1.902962 -1.598053
3.054050 -1.912850 -1.603229
3.053671 -1.924046 -1.606537
3.053521 -1.928162 -1.610379
3.053376 -1.931600 -1.615235
3.053272 -1.933930 -1.617156
3.053255 -1.934290 -1.620411
3.053447 -1.930782 -1.634071
3.053814 -1.925423 -1.646610
3.054389 -1.918074 -1.651732
3.055305 -1.906981 -1.656802
3.055986 -1.899221 -1.661977
3.056364 -1.895149 -1.667313
3.056940 -1.889086 -1.657869
3.057258 -1.885312 -1.647357
3.057391 -1.883546 -1.643142
3.057234 -1.885686 -1.644902
3.056841 -1.890999 -1.642661
3.056397 -1.897247 -1.641434
3.055907 -1.904126 -1.640954
3.055760 -1.906252 -1.637112
3.055615 -1.908407 -1.638713
3.055357 -1.912301 -1.635778
3.055124 -1.915850 -1.637325
3.054893 -1.919283 -1.639193
3.054806 -1.920533 -1.644689
3.054796 -1.920677 -1.647891
3.054741 -1.921409 -1.642395
3.054469 -1.925230 -1.640474
3.054262 -1.928318 -1.633484
3.053981 -1.932874 -1.625213
3.053490 -1.942552 -1.620677
3.053275 -1.946737 -1.626920
3.053166 -1.948620 -1.631349
3.052938 -1.952270 -1.635084
3.052474 -1.959267 -1.641648
3.051596 -1.971070 -1.650292
3.049841 -1.991817 -1.662778
3.048082 -2.010106 -1.672916
3.045781 -2.032088 -1.677025
3.042093 -2.067288 -1.672009
3.039059 -2.097388 -1.670675
3.035752 -2.130253 -1.672916
3.030829 -2.177094 -1.680120
3.026672 -2.214575 -1.683588
3.022282 -2.253073 -1.686309
3.015940 -2.308000 -1.684388
3.010387 -2.351691 -1.681667
3.005638 -2.394612 -1.679906
2.999163 -2.449186 -1.678465
2.994861 -2.489316 -1.674250
2.990821 -2.528880 -1.669021
2.985871 -2.580494 -1.661284
2.982583 -2.617917 -1.652800
2.979808 -2.653042 -1.643355
2.976947 -2.695436 -1.628575
2.975381 -2.724408 -1.617636
2.974260 -2.750417 -1.606324
2.973320 -2.781562 -1.591703
2.972940 -2.803675 -1.579751
2.972696 -2.832226 -1.563050
2.972925 -2.851404 -1.550457
2.973328 -2.867886 -1.537170
2.973879 -2.882433 -1.525058
2.974637 -2.897215 -1.508623
2.975081 -2.904141 -1.504568
2.975433 -2.909544 -1.501793
2.975705 -2.913437 -1.499392
2.975817 -2.915002 -1.498805
2.975975 -2.917199 -1.498858
2.975978 -2.917228 -1.498645
2.975948 -2.916826 -1.498325
2.975723 -2.913753 -1.493096
2.974998 -2.904234 -1.495497
2.974463 -2.897199 -1.492936
2.973816 -2.889234 -1.493096
2.973118 -2.879944 -1.503181
2.972919 -2.876854 -1.514439
2.972745 -2.873489 -1.530661
2.972637 -2.869387 -1.571694
2.972650 -2.867818 -1.603869
2.972686 -2.867013 -1.653707
2.972758 -2.866282 -1.695700
2.973117 -2.863715 -1.731878
2.973782 -2.859987 -1.789773
2.973521 -2.861080 -1.831606
2.973822 -2.860012 -1.874133
2.973053 -2.862291 -1.932562
2.973024 -2.862357 -1.974875
2.972266 -2.864036 -2.017349
2.970672 -2.867215 -2.072363
2.969594 -2.869120 -2.115584
2.969463 -2.869327 -2.153522
2.968446 -2.870794 -2.204960
2.966872 -2.872871 -2.245673
2.964048 -2.876309 -2.281050
2.958936 -2.882051 -2.328540
2.956704 -2.884360 -2.364451
2.955254 -2.885760 -2.399347
2.951297 -2.889218 -2.445503
2.945717 -2.893790 -2.474584
2.940289 -2.897975 -2.507133
2.934998 -2.901764 -2.548220
2.933030 -2.903068 -2.581302
2.932918 -2.903134 -2.611450
2.929282 -2.905186 -2.643999
2.925130 -2.907408 -2.662728
2.921654 -2.909181 -2.690635
2.921448 -2.909284 -2.714327
2.923595 -2.908336 -2.746822
2.927992 -2.906574 -2.790417
2.928250 -2.906483 -2.811387
2.928017 -2.906558 -2.837906
2.928804 -2.906324 -2.861758
2.933482 -2.905035 -2.888171
2.937601 -2.904000 -2.908714
2.942627 -2.902852 -2.934006
2.944277 -2.902513 -2.947719
2.948068 -2.901794 -2.964474
2.956033 -2.900446 -2.988219
2.962740 -2.899441 -3.001399
2.968946 -2.898596 -3.016499
2.974722 -2.897904 -3.033254
2.977213 -2.897639 -3.041685
2.980911 -2.897283 -3.051716
2.989748 -2.896527 -3.062922
2.993954 -2.896199 -3.066177
2.998593 -2.895860 -3.072847
3.000259 -2.895747 -3.077009
3.001797 -2.895650 -3.082078
3.003637 -2.895542 -3.082825
3.008667 -2.895239 -3.081437
3.009544 -2.895186 -3.081384
3.009300 -2.895201 -3.081011
3.005333 -2.895446 -3.078556
3.002402 -2.895633 -3.076528
2.999873 -2.895798 -3.075141
2.995793 -2.896077 -3.071833
2.994184 -2.896190 -3.070872
2.994127 -2.896194 -3.070872
2.993509 -2.896237 -3.071886
2.993078 -2.896267 -3.073487
2.990967 -2.896410 -3.075034
2.985952 -2.896742 -3.076048
2.985378 -2.896779 -3.076582
2.985406 -2.896777 -3.075621
2.986915 -2.896677 -3.073007
2.988107 -2.896595 -3.072420
2.988883 -2.896541 -3.071566
2.989012 -2.896532 -3.071193
2.989328 -2.896510 -3.071833
2.989989 -2.896464 -3.072793
2.989974 -2.896465 -3.072847
2.989974 -2.896465 -3.073060
2.989946 -2.896467 -3.073274
2.989429 -2.896502 -3.072206
2.988768 -2.896548 -3.070819
2.987705 -2.896625 -3.066870
2.986112 -2.896748 -3.059240
2.985279 -2.896819 -3.045047
2.985222 -2.896821 -3.008656
2.986248 -2.896672 -2.971091
2.986942 -2.896547 -2.937635
2.985986 -2.896758 -2.886730
2.985612 -2.896864 -2.848045
2.984555 -2.897198 -2.816829
2.981873 -2.898124 -2.778144
2.976856 -2.900078 -2.738872
2.974073 -2.901298 -2.710538
2.968863 -2.903785 -2.674734
2.964777 -2.905884 -2.651736
2.958985 -2.909036 -2.626764
2.951216 -2.913550 -2.599124
2.942546 -2.918856 -2.579488
2.934386 -2.924057 -2.564227
2.922306 -2.932077 -2.541336
2.913971 -2.937820 -2.533813
2.903875 -2.944890 -2.526342
2.887993 -2.956222 -2.515083
2.874761 -2.965839 -2.509641
2.861327 -2.975715 -2.504305
2.843350 -2.989087 -2.499076
2.830113 -2.999012 -2.496354
2.817884 -3.008217 -2.496514
2.802298 -3.019929 -2.499076
2.788859 -3.029968 -2.501904
2.774027 -3.040982 -2.505052
2.752558 -3.056751 -2.513376
2.736102 -3.068642 -2.521700
2.720375 -3.079794 -2.531145
2.701104 -3.093116 -2.546672
2.686726 -3.102750 -2.560652
2.671461 -3.112660 -2.575806
2.648679 -3.126877 -2.597523
2.629484 -3.138348 -2.614118
2.609744 -3.149687 -2.632527
2.584021 -3.163717 -2.658726
2.565910 -3.172954 -2.678683
2.548487 -3.181508 -2.699493
2.523314 -3.193109 -2.726332
2.501583 -3.202495 -2.748423
2.479566 -3.211420 -2.772328
2.451448 -3.221937 -2.802689
2.432175 -3.228591 -2.823286
2.409144 -3.235939 -2.849272
2.392483 -3.240834 -2.868481
2.375012 -3.245617 -2.886943
2.350963 -3.251651 -2.911595
2.334029 -3.255495 -2.931979
2.318450 -3.258651 -2.951508
2.298564 -3.262288 -2.976587
2.283663 -3.264671 -2.994729
2.268280 -3.266847 -3.013885
2.248366 -3.269239 -3.034962
2.233254 -3.270786 -3.049315
2.216974 -3.272217 -3.063242
2.195777 -3.273744 -3.080317
2.181919 -3.274549 -3.090669
2.168673 -3.275177 -3.100327
2.150557 -3.275836 -3.112012
2.135198 -3.276243 -3.120923
2.118412 -3.276540 -3.129674
2.095821 -3.276737 -3.138265
2.080097 -3.276759 -3.143601
2.064978 -3.276704 -3.148403
2.044706 -3.276519 -3.154486
2.028465 -3.276283 -3.159609
2.011377 -3.275958 -3.163290
1.986847 -3.275405 -3.165638
1.969041 -3.274963 -3.167506
1.951768 -3.274519 -3.167292
1.927743 -3.273936 -3.163717
1.908871 -3.273527 -3.162490
1.888590 -3.273000 -3.158275
1.861335 -3.272610 -3.151711
1.840731 -3.272432 -3.146642
1.818226 -3.272347 -3.142214
1.788521 -3.272399 -3.135650
1.766318 -3.272560 -3.131702
1.744447 -3.272654 -3.128127
1.715034 -3.273118 -3.121670
1.691785 -3.273624 -3.116601
1.666941 -3.274289 -3.110518
1.631411 -3.275499 -3.102781
1.605759 -3.276540 -3.097285
1.581781 -3.277642 -3.092429
1.551770 -3.279188 -3.085653
1.531243 -3.280371 -3.080104
1.511742 -3.281603 -3.074821
1.487007 -3.283323 -3.067031
1.467913 -3.284793 -3.061161
1.447450 -3.286490 -3.054118
1.422125 -3.288782 -3.046967
1.405987 -3.290341 -3.041738
1.390560 -3.291917 -3.036136
1.370675 -3.294067 -3.029359
1.354710 -3.295896 -3.024023
1.337955 -3.297906 -3.018154
1.314268 -3.300882 -3.013458
1.297219 -3.303100 -3.009403
1.280921 -3.305286 -3.005134
1.258788 -3.308372 -2.999478
1.241856 -3.310806 -2.996063
1.222385 -3.313686 -2.991847
1.192835 -3.318199 -2.988326
1.169133 -3.321893 -2.984484
1.145315 -3.325687 -2.982403
1.116275 -3.330380 -2.978935
1.096697 -3.333610 -2.976267
1.077456 -3.336843 -2.974079
1.050993 -3.341322 -2.974506
1.028603 -3.345103 -2.975520
1.005057 -3.349044 -2.975840
0.973047 -3.354399 -2.977227
0.953582 -3.357600 -2.995369
0.924851 -3.362037 -2.985284
0.892335 -3.366857 -2.997183
0.867698 -3.370339 -3.008602
0.846339 -3.373134 -3.033147
0.810995 -3.377093 -3.036669
0.788878 -3.379193 -3.048462
0.767595 -3.381103 -3.059240
0.737417 -3.383409 -3.074714
0.714179 -3.384862 -3.086933
0.694637 -3.385865 -3.110358
0.664647 -3.386900 -3.112172
0.647188 -3.387365 -3.120977
0.631438 -3.387651 -3.129301
0.610906 -3.387829 -3.138265
0.594304 -3.387842 -3.145682
0.577731 -3.387748 -3.151178
0.555990 -3.387469 -3.158541
0.539996 -3.387168 -3.163077
0.525428 -3.386831 -3.167986
0.507149 -3.386305 -3.173322
0.491304 -3.385782 -3.176790
0.475188 -3.385190 -3.179672
0.453348 -3.384321 -3.183727
0.438174 -3.383602 -3.186448
0.423531 -3.382939 -3.188156
0.403409 -3.382002 -3.187889
0.387745 -3.381268 -3.188689
0.370674 -3.380448 -3.190023
0.348156 -3.379269 -3.189810
0.331314 -3.378466 -3.188583
0.314457 -3.377662 -3.189223
0.292897 -3.376656 -3.187035
0.276052 -3.375903 -3.185488
0.258201 -3.375120 -3.185221
0.237083 -3.374205 -3.194719
0.216558 -3.373249 -3.182606
0.200200 -3.372582 -3.181059
0.178301 -3.371748 -3.177217
0.159766 -3.371102 -3.174869
0.140136 -3.370468 -3.171348
0.113364 -3.369734 -3.164518
0.094031 -3.369314 -3.161369
0.069024 -3.368875 -3.155447
0.052164 -3.368669 -3.150804
0.034785 -3.368527 -3.147443
0.010969 -3.368441 -3.141893
-0.006914 -3.368366 -3.137091
-0.024653 -3.368462 -3.132929
-0.044739 -3.368664 -3.139599
-0.064824 -3.368847 -3.125459
-0.082591 -3.369040 -3.123431
-0.108909 -3.369424 -3.119909
-0.128199 -3.369854 -3.118736
-0.146941 -3.370295 -3.115321
-0.172101 -3.371013 -3.109878
-0.191169 -3.371643 -3.105556
-0.212162 -3.372423 -3.101767
-0.238231 -3.373512 -3.111052
-0.265206 -3.374598 -3.092003
-0.283771 -3.375545 -3.101874
-0.317496 -3.377167 -3.081224
-0.339585 -3.378531 -3.077329
-0.358207 -3.379748 -3.089175
-0.392574 -3.381780 -3.069485
-0.416168 -3.383510 -3.066230
-0.440804 -3.385402 -3.061961
-0.473668 -3.387701 -3.057373
-0.497641 -3.389751 -3.053691
-0.521749 -3.391905 -3.050329
-0.554594 -3.394982 -3.044833
-0.578612 -3.397330 -3.042805
-0.603098 -3.399770 -3.040618
-0.635917 -3.403105 -3.039817
-0.660369 -3.405605 -3.039337
-0.684950 -3.408114 -3.040084
-0.717310 -3.411406 -3.039711
-0.739800 -3.413699 -3.040244
-0.760901 -3.415843 -3.040511
-0.789495 -3.418742 -3.040724
-0.809607 -3.420636 -3.042272
-0.829825 -3.422642 -3.044246
-0.856163 -3.425231 -3.043819
-0.871640 -3.426750 -3.043926
-0.889137 -3.428463 -3.044833
-0.900387 -3.429560 -3.044139
-0.909615 -3.430466 -3.043499
-0.917069 -3.431179 -3.044353
-0.922901 -3.431750 -3.043552
-0.925237 -3.431979 -3.044139
-0.928834 -3.432330 -3.044833
-0.931658 -3.432604 -3.044673
-0.933406 -3.432773 -3.045847
-0.933162 -3.432750 -3.046861
-0.932646 -3.432701 -3.047181
-0.929679 -3.432420 -3.046487
-0.924046 -3.431881 -3.046327
-0.920004 -3.431495 -3.046327
-0.918413 -3.431343 -3.045527
-0.917997 -3.431303 -3.045580
-0.917195 -3.431226 -3.044940
-0.914701 -3.430983 -3.044406
-0.911433 -3.430665 -3.043979
-0.910860 -3.430609 -3.043232
-0.910989 -3.430621 -3.043499
-0.910875 -3.430610 -3.043072
-0.910860 -3.430609 -3.043019
-0.910860 -3.430609 -3.043019
-0.911161 -3.430638 -3.042752
-0.912580 -3.430779 -3.042379
-0.913210 -3.430842 -3.043019
-0.913353 -3.430856 -3.043552
-0.913769 -3.430897 -3.044460
-0.915833 -3.431097 -3.045100
-0.920175 -3.431519 -3.044193
-0.921207 -3.431620 -3.043979
-0.921135 -3.431613 -3.044139
-0.921135 -3.431613 -3.043926
-0.921178 -3.431617 -3.043873
-0.921236 -3.431623 -3.043873
-0.922927 -3.431788 -3.044726
-0.924088 -3.431900 -3.046381
-0.924274 -3.431918 -3.047074
-0.924245 -3.431915 -3.046967
-0.924231 -3.431914 -3.047021
-0.924231 -3.431914 -3.047021
-0.924202 -3.431911 -3.047128
-0.924202 -3.431911 -3.047128
-0.924202 -3.431911 -3.047128
-0.924202 -3.431911 -3.047128
-0.924073 -3.431899 -3.047288
-0.922582 -3.431758 -3.047608
-0.921450 -3.431651 -3.046914
-0.920332 -3.431545 -3.045207
-0.919329 -3.431448 -3.045527
-0.917336 -3.431256 -3.045794
-0.916462 -3.431172 -3.044460
-0.916476 -3.431173 -3.044513
-0.916491 -3.431175 -3.044566
-0.916476 -3.431173 -3.044513
-0.915831 -3.431110 -3.044673
-0.915315 -3.431060 -3.044673
-0.914757 -3.431006 -3.045367
-0.913366 -3.430873 -3.046381
-0.911804 -3.430723 -3.044833
-0.911446 -3.430688 -3.044246
-0.911460 -3.430690 -3.044086
-0.911059 -3.430651 -3.043659
-0.909712 -3.430518 -3.043446
-0.905499 -3.430105 -3.043766
-0.902847 -3.429845 -3.044033
-0.902203 -3.429782 -3.044086
-0.902188 -3.429780 -3.044033
-0.902217 -3.429783 -3.044033
-0.902016 -3.429763 -3.043713
-0.902016 -3.429763 -3.043713
-0.902031 -3.429765 -3.043659
-0.901916 -3.429754 -3.043659
-0.899107 -3.429477 -3.043873
-0.897173 -3.429288 -3.043713
-0.897359 -3.429306 -3.043339
-0.898133 -3.429382 -3.043552
-0.898119 -3.429381 -3.043499
-0.898119 -3.429381 -3.043499
-0.898248 -3.429393 -3.043339
-0.898319 -3.429401 -3.042966
-0.898319 -3.429401 -3.042966
-0.898405 -3.429409 -3.042859
-0.898677 -3.429436 -3.042592
-0.898692 -3.429437 -3.042645
-0.898692 -3.429437 -3.042645
-0.898677 -3.429436 -3.042699
-0.898606 -3.429429 -3.042859
-0.897388 -3.429308 -3.042912
-0.896657 -3.429236 -3.043072
-0.895496 -3.429121 -3.043766
-0.891555 -3.428736 -3.043499
-0.890896 -3.428671 -3.043606
-0.890982 -3.428680 -3.043819
-0.890939 -3.428676 -3.043766
-0.890853 -3.428667 -3.044086
-0.890294 -3.428613 -3.044566
-0.886482 -3.428240 -3.043392
-0.884061 -3.428002 -3.043019
-0.883745 -3.427971 -3.042699
-0.883029 -3.427900 -3.042379
-0.882198 -3.427817 -3.041845
-0.880837 -3.427680 -3.042005
-0.876768 -3.427275 -3.042005
-0.872713 -3.426870 -3.042379
-0.870549 -3.426655 -3.042966
-0.870592 -3.426660 -3.042912
-0.870592 -3.426660 -3.043019
-0.870592 -3.426660 -3.043126
-0.870635 -3.426664 -3.043072
-0.870635 -3.426664 -3.043072
-0.870635 -3.426664 -3.043072
-0.870822 -3.426682 -3.043339
-0.872183 -3.426816 -3.043499
-0.874189 -3.427014 -3.043072
-0.874390 -3.427034 -3.042966
-0.874433 -3.427038 -3.042805
-0.874017 -3.426997 -3.042539
-0.873931 -3.426988 -3.042645
-0.873358 -3.426932 -3.042539
-0.871008 -3.426698 -3.042539
-0.869432 -3.426541 -3.042645
-0.869346 -3.426533 -3.042432
-0.869375 -3.426535 -3.042325
-0.869446 -3.426543 -3.042485
-0.869489 -3.426547 -3.042325
-0.869489 -3.426547 -3.042325
-0.869489 -3.426547 -3.042325
-0.869489 -3.426547 -3.042325
-0.869489 -3.426547 -3.042325
-0.869489 -3.426547 -3.042325
-0.869489 -3.426547 -3.042325
-0.869489 -3.426547 -3.042325
-0.869489 -3.426547 -3.042325
-0.869489 -3.426547 -3.042325
-0.869504 -3.426548 -3.042272
-0.869504 -3.426548 -3.042272
-0.869504 -3.426548 -3.042272
-0.869504 -3.426548 -3.042272
-0.869461 -3.426544 -3.042325
-0.869432 -3.426541 -3.042432
-0.869131 -3.426511 -3.042379
-0.867455 -3.426344 -3.042432
-0.863873 -3.425989 -3.042752
-0.862898 -3.425892 -3.042432
-0.862554 -3.425858 -3.042859
-0.862569 -3.425859 -3.042805
-0.862139 -3.425817 -3.043126
-0.860835 -3.425688 -3.042966
-0.858485 -3.425455 -3.042112
-0.858356 -3.425442 -3.042272
-0.856837 -3.425291 -3.042379
-0.855046 -3.425112 -3.041792
-0.854000 -3.425007 -3.040885
-0.853957 -3.425003 -3.040938
-0.853227 -3.424929 -3.040991
-0.849660 -3.424569 -3.040724
-0.848915 -3.424494 -3.040618
-0.848499 -3.424452 -3.040778
-0.844717 -3.424071 -3.041205
-0.842597 -3.423857 -3.040244
-0.842253 -3.423822 -3.041205
-0.842253 -3.423822 -3.041311
-0.842253 -3.423822 -3.041311
-0.842253 -3.423822 -3.041311
-0.842353 -3.423832 -3.041258
-0.843686 -3.423966 -3.041525
-0.846479 -3.424247 -3.041045
-0.847769 -3.424377 -3.041258
-0.847769 -3.424377 -3.041258
-0.847797 -3.424380 -3.041151
-0.847769 -3.424377 -3.041151
-0.847726 -3.424373 -3.041205
-0.847511 -3.424351 -3.041151
-0.844330 -3.424031 -3.041045
-0.841479 -3.423743 -3.041418
-0.840090 -3.423604 -3.041471
-0.839717 -3.423566 -3.041471
-0.837496 -3.423343 -3.041952
-0.833198 -3.422913 -3.041418
-0.827983 -3.422388 -3.040564
-0.824717 -3.422056 -3.039604
-0.822683 -3.421847 -3.038964
-0.820005 -3.421569 -3.038697
-0.814319 -3.420981 -3.038643
-0.807587 -3.420285 -3.038323
-0.800670 -3.419568 -3.038163
-0.798965 -3.419390 -3.036829
-0.796860 -3.419169 -3.037950
-0.795027 -3.418978 -3.036669
-0.793323 -3.418798 -3.036296
-0.789801 -3.418427 -3.037043
-0.783543 -3.417769 -3.037203
-0.780937 -3.417492 -3.036242
-0.780665 -3.417464 -3.035122
-0.779992 -3.417392 -3.035495
-0.778231 -3.417205 -3.036723
-0.774894 -3.416854 -3.036776
-0.773391 -3.416696 -3.035975
-0.773276 -3.416683 -3.035975
-0.773262 -3.416682 -3.035815
-0.773219 -3.416677 -3.035869
-0.773219 -3.416677 -3.035869
-0.773276 -3.416683 -3.035869
-0.773319 -3.416688 -3.035815
-0.773319 -3.416688 -3.035815
-0.773562 -3.416714 -3.035762
-0.773777 -3.416737 -3.036349
-0.774651 -3.416829 -3.035975
-0.776913 -3.417069 -3.035228
-0.776956 -3.417074 -3.035282
-0.776956 -3.417074 -3.035282
-0.776655 -3.417042 -3.034908
-0.776670 -3.417043 -3.034962
-0.776512 -3.417027 -3.035015
-0.776469 -3.417022 -3.034748
-0.776455 -3.417020 -3.034802
-0.776455 -3.417020 -3.034802
-0.776455 -3.417020 -3.034802
-0.776312 -3.417005 -3.034802
-0.776125 -3.416985 -3.034428
-0.775710 -3.416941 -3.034695
-0.773735 -3.416729 -3.035442
-0.772059 -3.416550 -3.034642
-0.771916 -3.416535 -3.034001
-0.771945 -3.416538 -3.034108
-0.772188 -3.416564 -3.033414
-0.774235 -3.416787 -3.033681
-0.778086 -3.417202 -3.034802
-0.782324 -3.417655 -3.034695
-0.784371 -3.417875 -3.035495
-0.785173 -3.417960 -3.036242
-0.788481 -3.418313 -3.033841
-0.794494 -3.418957 -3.033308
-0.796068 -3.419128 -3.033841
-0.795768 -3.419095 -3.034428
-0.795481 -3.419064 -3.034428
