0.000000 0.000000 0.000000
0.000029 -0.000000 0.000107
0.000014 -0.000000 0.000160
0.000230 0.000000 0.000107
0.001584 -0.000000 -0.000747
0.004219 -0.000003 -0.000694
0.006350 -0.000004 -0.002081
0.006465 -0.000005 -0.002081
0.007286 -0.000006 -0.001601
0.009719 -0.000008 -0.000267
0.013506 -0.000012 0.000213
0.016544 -0.000009 0.002188
0.017725 -0.000007 0.003255
0.019669 0.000000 0.004055
0.025169 0.000013 0.005122
0.034644 0.000045 0.003415
0.041584 0.000067 0.003735
0.047012 0.000095 0.006350
0.050857 0.000117 0.005549
0.060518 0.000181 0.007737
0.070511 0.000255 0.007203
0.082073 0.000349 0.008217
0.101223 0.000514 0.008537
0.115074 0.000632 0.009284
0.132511 0.000788 -0.000587
0.152179 0.000886 0.008484
0.178428 0.000985 0.008111
0.197031 0.001125 -0.007043
0.224273 0.001155 0.007043
0.248419 0.001329 0.007524
0.282961 0.001603 0.008858
0.312723 0.001751 -0.005603
0.342168 0.001854 0.010138
0.375356 0.001880 0.009871
0.399459 0.002127 0.009871
0.429782 0.002421 0.009978
0.452214 0.002647 0.010618
0.473984 0.002888 0.011899
0.504364 0.003263 0.012966
0.535780 0.003666 0.011899
0.558053 0.003923 0.011526
0.578830 0.004149 0.010192
0.603681 0.004391 0.009124
0.619995 0.004533 -0.004482
0.652205 0.004567 0.006883
0.674393 0.004719 0.007150
0.701621 0.004786 0.007310
0.720368 0.004913 0.006563
0.742153 0.004943 -0.005122
0.764039 0.004895 0.006190
0.787639 0.005029 -0.007310
0.812879 0.005030 0.005976
0.834463 0.005157 0.005176
0.852433 0.005257 -0.008057
0.883750 0.005280 0.005229
0.903375 0.005369 0.003895
0.930272 0.005479 0.003895
0.950460 0.005558 0.003041
0.978667 0.005524 0.003735
0.999689 0.005603 0.003308
1.025348 0.005668 0.001707
1.043361 0.005699 0.001227
1.065521 0.005635 -0.000107
1.081647 0.005636 -0.000427
1.097040 0.005555 -0.000694
1.117011 0.005476 -0.000534
1.131424 0.005461 -0.001014
1.150257 0.005375 -0.001441
1.164656 0.005349 -0.001654
1.179171 0.005323 -0.001547
1.199199 0.005290 -0.001387
1.213339 0.005274 -0.000854
1.227450 0.005264 -0.007470
1.239934 0.005220 -0.008484
1.263375 0.005165 0.000587
1.281719 0.005071 0.000374
1.306140 0.005077 -0.000053
1.324469 0.005072 -0.000534
1.347910 0.004949 -0.001921
1.365765 0.004905 -0.003415
1.385146 0.004825 -0.005336
1.412403 0.004670 -0.006136
1.432876 0.004407 -0.007310
1.460046 0.004183 -0.008858
1.480376 0.003991 -0.010352
1.507687 0.003568 -0.010725
1.527053 0.003351 -0.012166
1.546058 0.003121 -0.011952
1.572118 0.002826 -0.010885
1.591786 0.002619 -0.010565
1.617400 0.002331 -0.013073
1.636693 0.002087 -0.012326
1.661744 0.001657 -0.012753
1.679768 0.001323 -0.012646
1.702473 0.001035 -0.012699
1.717476 0.000849 -0.011952
1.734724 0.000644 -0.011846
1.745897 0.000517 -0.011419
1.759662 0.000352 -0.015047
1.770502 0.000166 -0.020863
1.784552 -0.000179 -0.032069
1.793027 -0.000482 -0.048237
1.801900 -0.000936 -0.061310
1.811177 -0.001598 -0.090124
1.816824 -0.002148 -0.111467
1.822514 -0.002828 -0.135265
1.828071 -0.003638 -0.165680
1.828752 -0.003753 -0.198123
1.828655 -0.003726 -0.222721
1.828765 -0.003762 -0.253990
1.834995 -0.005488 -0.289047
1.838895 -0.006668 -0.303934
1.845292 -0.008740 -0.328105
1.851724 -0.010979 -0.347368
1.857725 -0.013183 -0.361988
1.862559 -0.015054 -0.381304
1.868273 -0.017400 -0.402061
1.874395 -0.020041 -0.415668
1.881954 -0.023418 -0.429915
1.891646 -0.027948 -0.449284
1.899896 -0.031989 -0.469881
1.906641 -0.035434 -0.478738
1.914919 -0.039770 -0.489357
1.927571 -0.046614 -0.507766
1.935441 -0.051037 -0.525748
1.947130 -0.057861 -0.536633
1.956553 -0.063537 -0.545597
1.968021 -0.070590 -0.561232
1.976501 -0.075958 -0.570890
1.988588 -0.083836 -0.582202
1.997376 -0.089655 -0.592340
2.006495 -0.095860 -0.604719
2.013695 -0.100865 -0.613417
2.022366 -0.107007 -0.620780
2.035647 -0.116605 -0.633800
2.045717 -0.124057 -0.644258
2.058039 -0.133424 -0.656157
2.066141 -0.139706 -0.665442
2.076592 -0.147986 -0.684758
2.087489 -0.156860 -0.687319
2.100988 -0.168057 -0.701193
2.110239 -0.175915 -0.709677
2.122463 -0.186522 -0.723016
2.132115 -0.195147 -0.732568
2.143176 -0.205156 -0.741532
2.158420 -0.219254 -0.755085
2.169088 -0.229348 -0.764263
2.181756 -0.241601 -0.775789
2.191771 -0.251480 -0.784273
2.206550 -0.266371 -0.796599
2.218013 -0.278160 -0.804389
2.228461 -0.289167 -0.812927
2.241082 -0.302618 -0.824292
2.252011 -0.314515 -0.834003
2.259759 -0.323117 -0.842648
2.267716 -0.332092 -0.851239
2.278732 -0.344782 -0.863564
2.286903 -0.354391 -0.871782
2.296410 -0.365810 -0.883841
2.302680 -0.373499 -0.893712
2.310092 -0.382819 -0.902517
2.315657 -0.389909 -0.911694
2.321252 -0.397177 -0.919431
2.328916 -0.407358 -0.930157
2.335210 -0.415848 -0.937947
2.343201 -0.426808 -0.944457
2.349081 -0.435012 -0.948566
2.356723 -0.445710 -0.947979
2.363354 -0.454916 -0.944777
2.369248 -0.463039 -0.946325
2.379817 -0.477501 -0.924767
2.389194 -0.489743 -0.900916
2.395706 -0.497828 -0.874396
2.401899 -0.505074 -0.840673
2.411573 -0.515464 -0.789235
2.420892 -0.524592 -0.747722
2.435377 -0.537573 -0.689614
2.446422 -0.546422 -0.646339
2.461163 -0.557043 -0.587751
2.472053 -0.564093 -0.547678
2.485314 -0.571906 -0.494906
2.495392 -0.577181 -0.459049
2.509098 -0.583696 -0.417962
2.519639 -0.588305 -0.387174
2.529247 -0.592120 -0.360174
2.541359 -0.596521 -0.328852
2.551250 -0.599813 -0.307722
2.565425 -0.604176 -0.283177
2.575283 -0.606989 -0.267169
2.585877 -0.609846 -0.251802
2.590900 -0.611126 -0.245612
2.596779 -0.612602 -0.240970
2.604570 -0.614508 -0.237395
2.612211 -0.616355 -0.233446
2.617029 -0.617508 -0.231098
2.619272 -0.618034 -0.228644
2.619636 -0.618119 -0.227790
2.619748 -0.618145 -0.227790
2.621698 -0.618596 -0.227310
2.623900 -0.619107 -0.230245
2.625484 -0.619481 -0.234567
2.625736 -0.619541 -0.237662
2.621993 -0.618604 -0.258578
2.620129 -0.618105 -0.273306
2.619382 -0.617889 -0.312258
2.617556 -0.617267 -0.348542
2.611896 -0.615097 -0.394377
2.604931 -0.612085 -0.438185
2.601988 -0.610697 -0.481726
2.597139 -0.608101 -0.531564
2.593468 -0.605825 -0.583642
2.589561 -0.603172 -0.622168
2.583978 -0.599002 -0.675313
2.581394 -0.596886 -0.711704
2.577659 -0.593524 -0.760208
2.573041 -0.589020 -0.797132
2.569202 -0.585002 -0.832243
2.565891 -0.581260 -0.878292
2.565483 -0.580757 -0.910787
2.562925 -0.577330 -0.953208
2.562314 -0.576493 -0.978820
2.560816 -0.574238 -1.012970
2.560850 -0.574318 -1.055444
2.561522 -0.575526 -1.080416
2.561504 -0.575487 -1.117394
2.561623 -0.575733 -1.144874
2.561523 -0.575510 -1.169366
2.562809 -0.578655 -1.200527
2.564798 -0.583999 -1.232970
2.566457 -0.588818 -1.253246
2.567553 -0.592232 -1.276031
2.568092 -0.594039 -1.303404
2.568175 -0.594360 -1.322560
2.569572 -0.600170 -1.350040
2.570535 -0.604587 -1.368395
2.571772 -0.610889 -1.391873
2.572558 -0.615371 -1.408201
2.573146 -0.619068 -1.422502
2.573498 -0.621505 -1.435681
2.573851 -0.624174 -1.445339
2.574039 -0.625689 -1.450889
2.574108 -0.626261 -1.450995
2.574440 -0.628976 -1.446620
2.574817 -0.631947 -1.438296
2.575082 -0.633887 -1.426450
2.574776 -0.631880 -1.408895
2.574438 -0.629952 -1.373358
2.573867 -0.627247 -1.342516
2.573497 -0.625662 -1.308313
2.573698 -0.626353 -1.258049
2.573700 -0.626383 -1.223472
2.572979 -0.624486 -1.177423
2.572852 -0.624164 -1.141886
2.573380 -0.625300 -1.133508
2.573025 -0.624544 -1.128920
2.572246 -0.622905 -1.125505
2.572098 -0.622593 -1.126785
2.572036 -0.622463 -1.127532
2.572190 -0.622789 -1.128653
2.572700 -0.623869 -1.131374
2.573739 -0.626086 -1.134362
2.575574 -0.630028 -1.136923
2.577342 -0.633859 -1.140178
2.577564 -0.634343 -1.140338
2.579072 -0.637643 -1.143647
2.582237 -0.644651 -1.145034
2.586422 -0.653915 -1.149089
2.587918 -0.657252 -1.149516
2.588178 -0.657830 -1.149623
2.588436 -0.658409 -1.151544
2.589653 -0.661145 -1.153465
2.593875 -0.670724 -1.158961
2.599297 -0.683220 -1.165471
2.602630 -0.691003 -1.167818
2.604995 -0.696569 -1.172301
2.607506 -0.702573 -1.178277
2.610154 -0.708989 -1.181478
2.615147 -0.721243 -1.194231
2.619935 -0.733285 -1.193271
2.624537 -0.744967 -1.200207
2.627576 -0.752823 -1.204636
2.631035 -0.761937 -1.210132
2.634299 -0.770693 -1.215308
2.638713 -0.782678 -1.221124
2.643880 -0.796963 -1.229288
2.646766 -0.805137 -1.235051
2.650450 -0.815777 -1.240173
2.653438 -0.824616 -1.246470
2.656507 -0.833793 -1.250845
2.660508 -0.845983 -1.258689
2.663460 -0.855288 -1.264772
2.666369 -0.864607 -1.274803
2.667552 -0.868521 -1.281527
2.668603 -0.872069 -1.286489
2.668901 -0.873093 -1.290224
2.669427 -0.874934 -1.294546
2.670427 -0.878482 -1.299242
2.672168 -0.884783 -1.304258
2.673141 -0.888368 -1.309273
2.673197 -0.888577 -1.311034
2.673028 -0.887936 -1.314663
2.673152 -0.888425 -1.322400
2.673099 -0.888215 -1.323414
2.672798 -0.887014 -1.328216
2.672574 -0.886106 -1.333392
2.673053 -0.888108 -1.340168
2.673266 -0.889019 -1.344064
2.673360 -0.889426 -1.346465
2.673373 -0.889482 -1.348813
2.673758 -0.891211 -1.355376
2.674261 -0.893533 -1.360552
2.675452 -0.899183 -1.368182
2.677384 -0.908767 -1.377413
2.679018 -0.917236 -1.385897
2.681100 -0.928726 -1.394915
2.682465 -0.936542 -1.396996
2.684115 -0.945974 -1.399397
2.685377 -0.953325 -1.402492
2.686866 -0.962098 -1.403666
2.689364 -0.976951 -1.404626
2.691156 -0.987673 -1.405533
2.693598 -1.002491 -1.409962
2.695471 -1.014134 -1.414498
2.697706 -1.028738 -1.421861
2.699764 -1.042640 -1.427411
2.703300 -1.067646 -1.435201
2.706160 -1.088909 -1.441391
2.710251 -1.121048 -1.449395
2.713225 -1.145765 -1.454464
2.716821 -1.177282 -1.462414
2.719350 -1.200934 -1.468284
2.722699 -1.234171 -1.474367
2.724724 -1.255327 -1.494216
2.727366 -1.286749 -1.484612
2.730259 -1.324348 -1.493096
2.732332 -1.351772 -1.500139
2.734748 -1.387890 -1.510598
2.736068 -1.410443 -1.533062
2.737477 -1.442190 -1.525858
2.739056 -1.480300 -1.535089
2.740015 -1.508621 -1.540319
2.740940 -1.542086 -1.548162
2.741536 -1.572318 -1.555526
2.741820 -1.593842 -1.561662
2.741989 -1.623547 -1.568439
2.742081 -1.646729 -1.561822
2.742344 -1.669406 -1.553978
2.742909 -1.696254 -1.541226
2.743528 -1.714847 -1.528953
2.744429 -1.734034 -1.512518
2.746144 -1.759563 -1.486426
2.747813 -1.777556 -1.460760
2.749843 -1.794758 -1.440430
2.752870 -1.816564 -1.419247
2.755397 -1.832361 -1.394862
2.759845 -1.855081 -1.348439
2.766344 -1.882366 -1.304685
2.771870 -1.901946 -1.278699
2.779023 -1.925250 -1.253246
2.783772 -1.939512 -1.241080
2.788390 -1.952831 -1.228541
2.795067 -1.971255 -1.214187
2.800243 -1.985046 -1.205703
2.806910 -2.002491 -1.195939
2.811670 -2.014482 -1.187294
2.817932 -2.029889 -1.180518
2.822170 -2.040228 -1.173474
2.826895 -2.051534 -1.166698
2.832966 -2.065631 -1.158907
2.835918 -2.072371 -1.160561
2.840141 -2.081965 -1.151811
2.842790 -2.087910 -1.149890
2.845737 -2.094494 -1.147702
2.847338 -2.098053 -1.151384
2.849354 -2.102561 -1.149943
2.852130 -2.108765 -1.150690
2.855429 -2.116154 -1.150797
2.856479 -2.118508 -1.151704
2.856801 -2.119231 -1.153251
2.856924 -2.119508 -1.153945
2.857262 -2.120271 -1.154479
2.859399 -2.125120 -1.157360
2.861693 -2.130356 -1.159334
2.863981 -2.135611 -1.162322
2.866469 -2.141374 -1.164350
2.868523 -2.146149 -1.166004
2.872160 -2.154695 -1.171500
2.875740 -2.163218 -1.175449
2.880932 -2.175795 -1.179878
2.887293 -2.191348 -1.187401
2.891397 -2.201570 -1.200047
2.896674 -2.215045 -1.198073
2.902401 -2.229796 -1.204529
2.907607 -2.243437 -1.209012
2.916165 -2.266278 -1.217762
2.923047 -2.285057 -1.222832
2.932246 -2.310669 -1.232116
2.938843 -2.329535 -1.238626
2.947540 -2.355048 -1.248124
2.953961 -2.374430 -1.256021
2.960638 -2.395137 -1.263865
2.970087 -2.426064 -1.276991
2.977327 -2.450290 -1.287129
2.986400 -2.481901 -1.299082
2.992536 -2.504211 -1.309060
3.000324 -2.533846 -1.321973
3.006288 -2.557720 -1.333872
3.012471 -2.583763 -1.344170
3.018441 -2.610152 -1.355963
3.025487 -2.643468 -1.373518
3.029486 -2.663799 -1.398970
3.035604 -2.698980 -1.402065
3.039655 -2.723427 -1.414604
3.044591 -2.755898 -1.428638
3.048131 -2.781253 -1.439310
3.051981 -2.811622 -1.468871
3.055003 -2.839841 -1.465189
3.058154 -2.870826 -1.476341
3.060282 -2.893852 -1.483278
3.062811 -2.924027 -1.494430
3.064480 -2.946630 -1.501687
3.065975 -2.968869 -1.506809
3.067382 -2.993378 -1.523084
3.068878 -3.021503 -1.516254
3.070107 -3.046339 -1.518121
3.070847 -3.060459 -1.529540
3.071901 -3.082868 -1.520362
3.072509 -3.094977 -1.521109
3.073020 -3.105274 -1.521429
3.073543 -3.115801 -1.521429
3.073875 -3.122661 -1.524471
3.074199 -3.130214 -1.531781
3.074357 -3.134502 -1.539251
3.074484 -3.139079 -1.550884
3.074561 -3.145658 -1.574522
3.074517 -3.149805 -1.602055
3.074553 -3.148999 -1.633110
3.074831 -3.146018 -1.695540
3.075222 -3.143150 -1.744898
3.075276 -3.142853 -1.785931
3.075398 -3.142275 -1.846814
3.074917 -3.143934 -1.889501
3.074922 -3.144012 -1.950170
3.074099 -3.145931 -1.984587
3.075200 -3.143505 -2.049845
3.075238 -3.143461 -2.087623
3.074567 -3.144518 -2.138048
3.074683 -3.144268 -2.181322
3.073276 -3.146217 -2.221075
3.070380 -3.149856 -2.272566
3.066309 -3.154558 -2.306289
3.064533 -3.156505 -2.333129
3.065148 -3.155898 -2.379124
3.064964 -3.156018 -2.414822
3.065216 -3.155692 -2.472023
3.062671 -3.157673 -2.507880
3.058438 -3.160714 -2.536907
3.053169 -3.164284 -2.565721
3.052115 -3.164961 -2.600138
3.052403 -3.164798 -2.626124
3.053705 -3.164086 -2.666197
3.053480 -3.164151 -2.706643
3.052494 -3.164592 -2.734763
3.050181 -3.165554 -2.775103
3.050397 -3.165475 -2.788549
3.053453 -3.164399 -2.827235
3.055869 -3.163633 -2.852420
3.057071 -3.163283 -2.871576
3.057849 -3.163067 -2.897935
3.060967 -3.162304 -2.911649
3.069542 -3.160405 -2.944198
3.074391 -3.159465 -2.961326
3.081086 -3.158297 -2.981923
3.086707 -3.157426 -2.999478
3.092570 -3.156623 -3.015005
3.095828 -3.156222 -3.026531
3.104059 -3.155330 -3.044300
3.109449 -3.154823 -3.053477
3.117212 -3.154170 -3.065483
3.120184 -3.153948 -3.071193
3.122396 -3.153797 -3.078876
3.125271 -3.153623 -3.082932
3.128678 -3.153423 -3.083305
3.132660 -3.153193 -3.084959
3.132961 -3.153176 -3.084586
3.133120 -3.153167 -3.083999
3.133580 -3.153140 -3.082291
3.133623 -3.153138 -3.081171
3.132803 -3.153188 -3.078449
3.130849 -3.153313 -3.076315
3.126266 -3.153611 -3.073807
3.123680 -3.153789 -3.071353
3.123091 -3.153830 -3.070232
3.122272 -3.153890 -3.068364
3.121655 -3.153935 -3.068845
3.121138 -3.153972 -3.070446
3.117849 -3.154204 -3.073060
3.114803 -3.154411 -3.074447
3.114832 -3.154410 -3.075408
3.114961 -3.154401 -3.075995
3.117231 -3.154252 -3.077916
3.119703 -3.154095 -3.077169
3.122792 -3.153891 -3.074768
3.124502 -3.153776 -3.073007
3.124889 -3.153749 -3.071779
3.124818 -3.153754 -3.071833
3.124746 -3.153759 -3.072100
3.124602 -3.153769 -3.072633
3.124344 -3.153787 -3.073594
3.122936 -3.153882 -3.074981
3.121427 -3.153983 -3.074928
3.120853 -3.154021 -3.074928
3.120853 -3.154021 -3.074928
3.120853 -3.154021 -3.074928
3.120853 -3.154021 -3.074928
3.121628 -3.153969 -3.073647
3.126139 -3.153659 -3.072153
3.126929 -3.153604 -3.070819
3.127116 -3.153591 -3.070766
3.125292 -3.153722 -3.068791
3.124215 -3.153800 -3.070019
3.124057 -3.153811 -3.070392
3.122448 -3.153926 -3.070392
3.119762 -3.154120 -3.069378
3.114477 -3.154500 -3.069485
3.112079 -3.154675 -3.068471
3.111619 -3.154708 -3.067404
3.109638 -3.154856 -3.066657
3.108130 -3.154970 -3.065323
3.105230 -3.155191 -3.064363
3.103622 -3.155315 -3.062975
3.103622 -3.155315 -3.062869
3.103321 -3.155339 -3.063029
3.099761 -3.155622 -3.060681
3.095714 -3.155952 -3.060681
3.090317 -3.156376 -3.062495
3.080241 -3.157183 -3.059827
3.070913 -3.157949 -3.058226
3.068101 -3.158185 -3.057693
3.061802 -3.158714 -3.058066
3.053738 -3.159390 -3.056679
3.042031 -3.160391 -3.054971
3.029680 -3.161469 -3.054598
3.021574 -3.162159 -3.059667
3.004154 -3.163608 -3.053264
2.990242 -3.164846 -3.052410
2.968428 -3.166797 -3.052250
2.949417 -3.168392 -3.050276
2.929347 -3.170110 -3.048942
2.899971 -3.172854 -3.047928
2.878525 -3.174874 -3.047394
2.851717 -3.177390 -3.048888
2.831444 -3.179276 -3.048355
2.802014 -3.181888 -3.048248
2.777513 -3.184184 -3.048088
2.750902 -3.186467 -3.048141
2.714084 -3.189892 -3.049209
2.690125 -3.192098 -3.068685
2.649044 -3.195334 -3.051823
2.624420 -3.197553 -3.051770
2.592899 -3.200391 -3.051877
2.568505 -3.202586 -3.052570
2.542487 -3.204889 -3.054278
2.506349 -3.207995 -3.058280
2.481093 -3.210081 -3.059880
2.450682 -3.212552 -3.060574
2.424402 -3.214661 -3.061588
2.406001 -3.216132 -3.061695
2.387098 -3.217639 -3.063562
2.359620 -3.219759 -3.065910
2.338671 -3.221332 -3.068311
2.312209 -3.223129 -3.071193
2.294599 -3.224360 -3.073113
2.272934 -3.225819 -3.075995
2.256482 -3.226889 -3.077756
2.239540 -3.227960 -3.078663
2.216086 -3.229413 -3.081651
2.199686 -3.230393 -3.082985
2.179274 -3.231583 -3.083198
2.163347 -3.232507 -3.083625
2.142258 -3.233720 -3.085066
2.127192 -3.234576 -3.085173
2.107396 -3.235690 -3.085760
2.092300 -3.236526 -3.085866
2.072288 -3.237632 -3.086507
2.058037 -3.238362 -3.086026
2.043516 -3.239164 -3.087094
2.025717 -3.240133 -3.097765
2.008171 -3.240993 -3.088694
1.987422 -3.242083 -3.089601
1.966284 -3.243170 -3.091095
1.949368 -3.243937 -3.090669
1.931839 -3.244832 -3.090295
1.910355 -3.245932 -3.090829
1.895601 -3.246689 -3.089868
1.877382 -3.247645 -3.098993
1.850288 -3.248994 -3.089175
1.830115 -3.250057 -3.087947
1.809798 -3.251146 -3.088107
1.782996 -3.252568 -3.089281
1.764188 -3.253557 -3.088107
1.745808 -3.254447 -3.087254
1.718792 -3.255914 -3.087520
1.696378 -3.257140 -3.085546
1.664204 -3.258949 -3.085653
1.640411 -3.260281 -3.085813
1.610724 -3.261947 -3.085119
1.590540 -3.263086 -3.084479
1.563823 -3.264480 -3.083839
1.542620 -3.265695 -3.084639
1.519317 -3.267038 -3.082771
1.487753 -3.268910 -3.081384
1.465246 -3.270019 -3.079623
1.435355 -3.271888 -3.078983
1.405851 -3.273728 -3.079250
1.383763 -3.275113 -3.078983
1.360962 -3.276385 -3.078449
1.331158 -3.278267 -3.078236
1.308597 -3.279698 -3.078236
1.279015 -3.281432 -3.077916
1.257590 -3.282794 -3.078183
1.230630 -3.284484 -3.080210
1.210883 -3.285700 -3.079677
1.183074 -3.287413 -3.079517
1.162509 -3.288686 -3.079356
1.141800 -3.289980 -3.078770
1.115373 -3.291654 -3.077969
1.097455 -3.292803 -3.076955
1.074881 -3.294269 -3.076582
1.058195 -3.295280 -3.075141
1.041486 -3.296397 -3.074341
1.019550 -3.297887 -3.072687
1.003792 -3.298984 -3.071032
0.983837 -3.300325 -3.069805
0.967293 -3.301522 -3.077489
0.951332 -3.302594 -3.067724
0.936872 -3.303669 -3.066924
0.918938 -3.305010 -3.076262
0.899261 -3.306416 -3.065376
0.883556 -3.307626 -3.063455
0.863775 -3.309179 -3.062602
0.843618 -3.310720 -3.061855
0.826696 -3.312083 -3.060307
0.808082 -3.313597 -3.060147
0.781551 -3.315630 -3.060894
0.762262 -3.317188 -3.060894
0.737861 -3.318941 -3.061588
0.723680 -3.320072 -3.073220
0.696415 -3.322142 -3.063242
0.675586 -3.323774 -3.063936
0.652315 -3.325580 -3.064416
0.621766 -3.327953 -3.063349
0.599861 -3.329676 -3.062175
0.571771 -3.331915 -3.061374
0.549668 -3.333688 -3.061908
0.518652 -3.336180 -3.060787
0.494727 -3.338119 -3.060627
0.463829 -3.340647 -3.059400
0.442936 -3.342375 -3.058333
0.417437 -3.344496 -3.058813
0.398122 -3.346096 -3.059240
0.371118 -3.348173 -3.060361
0.349968 -3.349760 -3.059987
0.328428 -3.351527 -3.059080
0.300905 -3.353810 -3.058760
0.284537 -3.355049 -3.069752
0.257043 -3.357138 -3.058280
0.238403 -3.358694 -3.058546
0.218835 -3.360187 -3.060201
0.191653 -3.362397 -3.060627
0.166421 -3.364427 -3.062015
0.149124 -3.365794 -3.063349
0.126715 -3.367540 -3.064149
0.109129 -3.368903 -3.064736
0.090753 -3.370316 -3.064736
0.068004 -3.371951 -3.074874
0.045977 -3.373579 -3.061321
0.023715 -3.375361 -3.062548
0.008796 -3.376478 -3.062282
-0.010826 -3.378031 -3.062975
-0.025611 -3.379189 -3.063616
-0.041288 -3.380403 -3.064896
-0.062298 -3.381931 -3.066657
-0.077839 -3.383019 -3.067724
-0.098303 -3.384527 -3.069165
-0.112980 -3.385591 -3.069912
-0.133633 -3.387057 -3.071940
-0.150468 -3.388228 -3.072260
-0.173969 -3.389855 -3.072900
-0.192644 -3.391132 -3.073967
-0.210545 -3.392335 -3.074821
-0.225199 -3.393316 -3.084639
-0.250389 -3.394923 -3.074447
-0.273016 -3.396438 -3.075141
-0.290658 -3.397626 -3.073860
-0.308329 -3.398823 -3.074394
-0.331747 -3.400380 -3.076422
-0.349132 -3.401524 -3.075995
-0.370555 -3.402928 -3.088107
-0.392360 -3.404222 -3.078876
-0.410826 -3.405386 -3.079463
-0.435401 -3.406906 -3.081598
-0.454259 -3.408037 -3.081918
-0.477529 -3.409425 -3.095097
-0.501354 -3.410699 -3.083518
-0.522097 -3.411896 -3.084319
-0.549633 -3.413332 -3.084906
-0.578169 -3.414947 -3.084639
-0.599777 -3.416167 -3.085760
-0.630212 -3.417859 -3.086667
-0.654596 -3.419207 -3.086560
-0.679597 -3.420590 -3.086400
-0.710809 -3.422329 -3.084639
-0.733127 -3.423457 -3.083465
-0.754473 -3.424711 -3.081171
-0.783246 -3.426472 -3.079143
-0.802531 -3.427681 -3.092376
-0.829383 -3.429236 -3.076795
-0.858814 -3.430833 -3.077702
-0.879979 -3.432196 -3.076902
-0.906410 -3.433803 -3.075995
-0.925612 -3.434957 -3.075355
-0.949720 -3.436560 -3.074608
-0.967161 -3.437731 -3.074608
-0.989831 -3.439261 -3.074181
-1.006381 -3.440374 -3.074501
-1.028047 -3.441824 -3.075995
-1.044527 -3.442900 -3.076689
-1.064802 -3.444200 -3.078983
-1.076314 -3.444917 -3.079890
-1.085325 -3.445467 -3.081117
-1.092899 -3.445928 -3.084159
-1.099094 -3.446297 -3.080157
-1.103766 -3.446577 -3.080851
-1.109055 -3.446894 -3.082771
-1.112605 -3.447103 -3.082611
-1.112835 -3.447117 -3.082825
-1.112821 -3.447116 -3.082878
-1.112763 -3.447112 -3.082878
-1.112404 -3.447091 -3.082078
-1.110305 -3.446967 -3.080904
-1.105260 -3.446666 -3.083198
-1.102012 -3.446478 -3.084372
-1.099338 -3.446326 -3.084799
-1.097325 -3.446211 -3.084052
-1.092668 -3.445939 -3.082024
-1.090196 -3.445790 -3.081171
-1.090210 -3.445791 -3.080904
-1.090426 -3.445804 -3.080744
-1.091173 -3.445850 -3.079143
-1.091044 -3.445842 -3.079410
-1.091072 -3.445844 -3.079410
-1.091029 -3.445841 -3.079463
-1.091116 -3.445846 -3.079356
-1.091173 -3.445850 -3.079143
-1.091259 -3.445855 -3.079036
-1.093990 -3.446025 -3.080104
-1.096088 -3.446155 -3.079890
-1.095973 -3.446147 -3.080104
-1.096102 -3.446155 -3.079623
-1.096145 -3.446158 -3.079570
-1.096189 -3.446161 -3.079623
-1.097755 -3.446257 -3.082024
-1.099422 -3.446357 -3.081811
-1.099106 -3.446338 -3.082131
-1.099121 -3.446339 -3.082291
-1.098962 -3.446330 -3.082451
-1.098747 -3.446317 -3.082611
-1.096806 -3.446203 -3.082771
-1.095038 -3.446098 -3.081437
-1.093673 -3.446016 -3.080744
-1.093788 -3.446023 -3.080851
-1.093673 -3.446016 -3.080530
-1.093615 -3.446012 -3.080424
-1.093673 -3.446016 -3.080424
-1.093716 -3.446018 -3.080477
-1.093716 -3.446018 -3.080477
-1.094622 -3.446074 -3.080530
-1.097984 -3.446282 -3.079463
-1.099752 -3.446391 -3.081224
-1.099493 -3.446375 -3.080797
-1.098631 -3.446323 -3.082398
-1.098444 -3.446312 -3.082878
-1.097323 -3.446246 -3.082451
-1.094995 -3.446108 -3.081811
-1.092594 -3.445963 -3.081224
-1.092537 -3.445959 -3.081331
-1.092451 -3.445954 -3.080690
-1.092508 -3.445958 -3.080584
-1.092566 -3.445961 -3.080584
-1.092537 -3.445959 -3.080584
-1.092522 -3.445959 -3.080637
-1.092537 -3.445959 -3.080584
-1.092637 -3.445966 -3.080530
-1.092824 -3.445977 -3.080584
-1.092781 -3.445974 -3.080530
-1.092910 -3.445982 -3.080584
-1.092824 -3.445977 -3.080584
-1.092824 -3.445977 -3.080584
-1.092810 -3.445976 -3.080637
-1.091215 -3.445879 -3.079517
-1.090855 -3.445856 -3.079356
-1.090611 -3.445841 -3.078983
-1.090798 -3.445853 -3.078823
-1.090798 -3.445853 -3.078823
-1.090812 -3.445854 -3.078770
-1.090970 -3.445864 -3.079143
-1.093054 -3.445995 -3.079196
-1.095511 -3.446147 -3.079570
-1.095986 -3.446177 -3.078876
-1.095813 -3.446166 -3.078770
-1.094419 -3.446078 -3.079036
-1.090884 -3.445859 -3.079570
-1.090453 -3.445832 -3.079036
-1.090323 -3.445824 -3.078876
-1.090065 -3.445808 -3.078770
-1.090065 -3.445808 -3.078770
-1.089346 -3.445763 -3.079090
-1.088441 -3.445706 -3.079036
-1.088225 -3.445692 -3.078556
-1.088297 -3.445697 -3.078609
-1.088312 -3.445698 -3.078663
-1.088340 -3.445699 -3.078770
-1.088340 -3.445699 -3.078770
