0.0141039
0.0318317
0.109022
0.152924
0.132297
0.154966
0.143082
0.163921
0.160326
0.128139
0.180574
0.162644
0.145632
0.181129
0.190236
0.167018
0.100593
0.101829
0.180153
0.217561
0.176742
0.163955
0.162786
0.165031
0.195547
0.17756
0.141498
0.141597
0.150957
0.139101
0.164456
0.120256
0.0882235
0.0766079
0.12275
0.184235
0.10735
0.151676
0.118314
0.149898
0.121157
0.187056
0.165691
0.184835
0.162314
0.0800891
0.219107
0.231702
0.22235
0.206222
0.195041
0.237773
0.215278
0.256878
0.289176
0.257815
0.269564
0.283335
0.277858
0.253363
0.228969
0.209657
0.21157
0.157435
0.0780258
0.059898
0.011409
-0.0191164
-0.053088
-0.0639052
-0.0531561
-0.0349049
-0.03564
0.0229142
0.0379159
0.0362951
0.015357
0.0531797
0.0324089
0.0468001
0.0950583
0.102636
0.132857
0.168304
0.198795
0.199654
0.246222
0.238045
0.245741
0.269401
0.285688
0.256883
0.275248
0.241087
0.272828
0.310203
0.33529
0.345074
0.313825
0.347079
0.378254
0.373884
0.346889
0.345929
0.351807
0.375474
0.373782
0.333406
0.392763
0.369524
0.299335
0.294797
0.246036
0.34618
0.289877
0.267003
0.260251
0.318746
0.350335
0.347896
0.41835
0.397446
0.392171
0.447338
0.506324
0.513455
0.507831
0.52415
0.516945
0.588403
0.598501
0.585035
0.62236
0.624331
0.631216
0.634139
0.677576
0.621652
0.662714
0.60999
0.587966
0.66604
0.682578
0.6492
0.645446
0.684896
0.64931
0.628273
0.567022
0.612184
0.573015
0.596328
0.560532
0.557933
0.493387
0.443517
0.511529
0.525675
0.507762
0.560877
0.546502
0.597533
0.522914
0.577537
0.544968
0.584538
0.583814
0.534694
0.630985
0.663445
0.606972
0.58878
0.608285
0.576456
0.578475
0.594535
0.580846
0.603295
0.584267
0.562958
0.607671
0.58309
0.371538
0.581877
0.536781
0.577359
0.560215
0.550825
0.592026
0.57168
0.527598
0.524697
0.505738
0.517818
0.47797
0.492941
0.511832
0.432633
0.438669
0.419151
0.478716
0.485034
0.504896
0.435377
0.547741
0.576146
0.617975
0.628908
0.632991
0.623982
0.674864
0.670214
0.696363
0.64583
0.636234
0.606579
0.593229
0.55807
0.51614
0.558346
0.520865
0.485854
0.412109
0.433796
0.387026
0.364474
0.366796
0.355673
0.404665
0.42034
0.430913
0.411189
0.406565
0.415325
0.445101
0.408825
0.389995
0.409236
0.406036
0.409488
0.382499
0.348916
0.364559
0.353958
0.372141
0.3759
0.344676
0.332058
0.337545
0.357993
0.369351
0.365679
0.374807
0.34649
0.396237
0.352092
0.372022
0.322619
0.363952
0.345312
0.340463
0.332643
0.340884
0.380391
0.360629
0.360216
0.415372
0.381637
0.337243
0.314428
0.361
0.283416
0.269631
0.25694
0.247628
0.219223
0.261349
0.274685
0.310771
0.327795
0.341581
0.378547
0.318435
0.341422
0.377513
0.462211
0.393165
0.384444
0.424659
0.400817
0.414908
0.374013
0.367343
0.378714
0.340755
0.317252
0.370157
0.330861
0.29195
0.328193
0.354674
0.376557
0.292604
0.276706
0.208808
0.228398
0.155013
0.191947
0.142545
0.157409
0.160737
0.215916
0.303981
0.371826
0.309235
0.326275
0.349727
0.35357
0.318829
0.326123
0.360024
0.34364
0.372459
0.330291
0.341452
0.419784
0.425093
0.362827
0.356854
0.383163
0.372143
0.491566
0.362116
0.39153
0.412819
0.343735
0.380379
0.345519
0.346448
0.355159
0.340082
0.382719
0.372567
0.400647
0.413253
0.383751
0.39006
0.38617
0.34709
0.379516
0.376923
0.385027
0.36125
0.409738
0.399492
0.378838
0.380718
0.367021
0.300992
0.301451
0.297685
0.303895
0.353342
0.387233
0.343324
0.409318
0.365766
0.379145
0.358823
0.42006
0.325336
0.342821
0.312811
0.301641
0.328565
0.341454
0.356949
0.404366
0.409927
0.434334
0.413043
0.389351
0.352916
0.348733
0.324912
0.369405
0.380392
0.350055
0.351398
0.368407
0.390449
0.38654
0.435781
0.439653
0.411102
0.484403
0.481771
0.516851
0.517411
0.500127
0.504528
0.458004
0.478604
0.482685
0.510296
0.512635
0.51164
0.493739
0.469029
0.459324
0.45512
0.462841
0.482662
0.444405
0.479531
0.502198
0.567048
0.581265
0.559513
0.592034
0.58351
0.622906
0.608638
0.606319
0.709239
0.6807
0.669052
0.611748
0.563799
0.51191
0.476554
0.417411
0.391717
0.443993
0.413175
0.448608
0.459875
0.46819
0.521752
0.519347
0.499456
0.474914
0.53004
0.450817
0.436198
0.501104
0.483276
0.50461
0.505981
0.510223
0.53657
0.540536
0.549342
0.561726
0.595984
0.629688
0.61754
0.687515
0.701105
0.781037
0.748056
0.776506
0.818293
0.825794
0.769899
0.714571
0.639689
0.575942
0.476928
0.398191
0.322355
0.253969
0.213335
0.165499
0.120695
0.125101
0.127507
0.146474
0.175906
0.150814
0.158533
0.164867
0.113262
0.0922531
0.0222429
-0.00360331
-0.0797417
-0.140758
-0.186407
-0.257626
-0.298724
-0.265796
-0.327232
-0.289622
-0.296495
-0.289599
-0.308329
-0.291701
-0.338843
-0.342858
-0.363234
-0.359322
-0.3601
-0.282454
-0.231642
-0.166333
-0.0865849
-0.0314018
0.10904
0.18864
0.335741
0.435998
0.527299
0.641401
0.736611
0.805282
0.823541
0.837154
0.806275
0.727494
0.670949
0.579695
0.543971
0.550912
0.568239
0.59039
0.668819
0.718703
0.726107
0.708815
0.694562
0.666683
0.612655
0.619415
0.608853
0.633958
0.654741
0.675298
0.670944
0.705988
0.737039
0.733431
0.746959
0.762792
0.766638
0.784758
0.777863
0.768599
0.757533
0.784408
0.718015
0.70834
0.725533
0.767158
0.768234
0.736467
0.772025
0.750416
0.778333
0.797694
0.817699
0.824572
0.899847
0.92546
0.865335
0.908615
0.834711
0.842131
0.857573
0.872786
0.875977
0.876023
0.872774
0.921555
0.915609
0.967806
1.00081
0.990216
1.01404
1.02947
1.03298
1.01104
0.986733
0.955946
0.990553
1.00956
1.00354
1.00036
0.973738
0.943715
0.898167
0.784008
0.647781
0.540447
0.478275
0.46519
0.48216
0.471225
0.564479
0.560225
0.624002
0.588524
0.590046
0.611028
0.616552
0.577194
0.560012
0.540378
0.53392
0.544217
0.549253
0.535734
0.56358
0.554893
0.561966
0.58653
0.619825
0.611097
0.64131
0.624493
0.653087
0.654188
0.633276
0.621448
0.593357
0.581716
0.606802
0.562406
0.585842
0.603907
0.61695
0.577431
0.578025
0.583855
0.589965
0.543127
0.597469
0.634086
0.626428
0.649521
0.616961
0.647721
0.636072
0.641125
0.657386
0.666109
0.641329
0.677891
0.638501
0.634613
0.661464
0.655905
0.638151
0.690511
0.66703
0.668754
0.644867
0.676488
0.680715
0.685931
0.696898
0.707471
0.704883
0.76648
0.725679
0.711095
0.697301
0.716931
0.679814
0.659946
0.687709
0.699054
0.707739
0.739025
0.732079
0.71706
0.730173
0.752978
0.750804
0.758904
0.768369
0.656048
0.62085
0.512611
0.431341
0.403297
0.426969
0.437396
0.439023
0.49728
0.526894
0.540533
0.523886
0.546113
0.603205
0.586296
0.564461
0.652293
0.621048
0.624302
0.587642
0.569463
0.605594
0.586978
0.580655
0.593634
0.576046
0.529856
0.552703
0.599051
0.629132
0.611521
0.605524
0.654894
0.661888
0.657956
0.667022
0.680717
0.660216
0.623512
0.618373
0.610161
0.650525
0.621475
0.592529
0.601784
0.608063
0.604783
0.609284
0.619826
0.598887
0.627755
0.579279
0.503442
0.447225
0.386359
0.354619
0.351099
0.321667
0.359527
0.372263
0.372974
0.405937
0.395854
0.455135
0.385134
0.432773
0.421982
0.438745
0.41736
0.325427
0.226223
0.103159
0.0962729
0.0812336
0.146559
0.162916
0.167124
0.21707
0.224405
0.268852
0.23496
0.271377
0.282525
0.259011
0.277862
0.365519
0.320602
0.290956
0.356642
0.262389
0.295789
0.249501
0.312316
0.291139
0.283144
0.303479
0.290117
0.329045
0.358795
0.42127
0.379844
0.438427
0.470907
0.465627
0.439308
0.441166
0.492701
0.471191
0.425621
0.47585
0.398658
0.395783
0.374751
0.38598
0.368419
0.437401
0.422034
0.504326
0.459303
0.461961
0.505336
0.547957
0.535983
0.489621
0.500393
0.481856
0.451555
0.399802
0.418757
0.432307
0.447975
0.45975
0.477223
0.445134
0.43481
0.45504
0.464403
0.510336
0.497436
0.486314
0.49448
0.452397
0.43246
0.425281
0.380028
0.418292
0.392567
0.29349
0.340745
0.297321
0.242251
0.180685
0.184053
0.149187
0.192604
0.216397
0.27495
0.297868
0.363313
0.372256
0.343617
0.337781
0.273717
0.267236
0.304029
0.275221
0.385021
0.340771
0.372833
0.402309
0.345991
0.406182
0.394582
0.362
0.396808
0.415451
0.387082
0.418616
0.39694
0.382587
0.411076
0.435472
0.467305
0.50079
0.555108
0.530297
0.574199
0.592455
0.576883
0.612774
0.575624
0.633183
0.62989
0.640291
0.616271
0.631152
0.594967
0.607769
0.618597
0.683943
0.746019
0.770693
0.759644
0.750221
0.766813
0.757448
0.78416
0.737071
0.775051
0.790848
0.811721
0.758385
0.750259
0.780693
0.77738
0.755831
0.848278
0.759991
0.840343
0.822092
0.80207
0.81034
0.833323
0.766209
0.722677
0.745672
0.758053
0.785328
0.802671
0.75742
0.751659
0.763674
0.794919
0.830331
0.847663
0.875872
0.836387
0.832796
0.870019
0.960981
0.872947
0.979064
0.940956
0.856128
0.793501
0.656143
0.654064
0.60436
0.66367
0.696633
0.782378
0.812596
0.849982
0.843792
0.829198
0.813816
0.807446
0.812951
0.775078
0.861239
0.814779
0.844341
0.818403
0.794751
0.789919
0.820916
0.860752
0.82855
0.905047
0.882044
0.868467
0.8264
0.886442
0.904537
0.854681
0.868476
0.899823
0.912756
0.878642
0.916629
0.921061
0.950538
0.875537
0.864704
0.87023
0.966568
0.970621
0.968087
0.967376
0.940832
0.958014
0.950576
0.890195
0.896232
0.855088
0.894989
0.929591
0.875746
0.926891
0.84972
0.834482
0.886083
0.846691
0.795268
0.859071
0.811372
0.822232
0.813966
0.684445
0.624509
0.516443
0.469525
0.558905
0.635816
0.707592
0.757002
0.742171
0.76681
0.723309
0.734117
0.675474
0.654331
0.578973
0.438215
0.368474
0.306828
0.205909
0.28613
0.320209
0.388219
0.387736
0.385935
0.384088
0.333284
0.314761
0.288181
0.268708
0.270238
0.320217
0.319465
0.342339
0.328064
0.316673
0.31094
0.339887
0.343152
0.32904
0.307681
0.311753
0.325347
0.34011
0.306721
0.327247
0.333868
0.309926
0.310777
0.330967
0.341192
0.293732
0.295366
0.348895
0.350586
0.356896
0.369647
0.362975
0.368158
0.398206
0.371277
0.364148
0.372549
0.377732
0.395458
0.381386
0.383583
0.376842
0.359091
0.365678
0.365721
0.34669
0.357019
0.352212
0.344163
0.372743
0.415707
0.389864
0.444969
0.453506
0.453654
0.421182
0.415548
0.433118
0.443636
0.419267
0.430806
0.467551
0.466653
0.439716
0.453475
0.432282
0.451074
0.462179
0.459032
0.447049
0.452593
0.473137
0.438566
0.455516
0.476431
0.47056
0.458964
0.488748
0.482413
0.493342
0.489992
0.476665
0.486029
0.515389
0.536501
0.579767
0.575059
0.5646
0.547787
0.555925
0.530685
0.507507
0.525989
0.549455
0.561198
0.606737
0.611335
0.599434
0.611874
0.575325
0.537541
0.573409
0.543318
0.567318
0.595619
0.602212
0.580022
0.554934
0.530605
0.484585
0.392309
0.340311
0.355493
0.345657
0.363021
0.388573
0.407479
0.414283
0.408359
0.388983
0.383992
0.390989
0.344028
0.372634
0.379917
0.402421
0.381342
0.377325
0.353613
0.403264
0.411668
0.436496
0.445091
0.473078
0.441234
0.487801
0.341972
0.232611
0.205536
0.167521
0.131305
0.121047
0.157252
0.209225
0.152922
0.17671
0.223082
0.231406
0.23987
0.238067
0.162886
0.137191
0.112762
0.0985877
0.129722
0.110412
0.12903
0.135064
0.118625
0.183226
0.152491
0.130829
0.100505
0.0965235
0.0509552
0.0480318
0.11253
0.126433
0.0861591
0.0983663
0.137068
0.135341
0.140116
0.133681
0.105823
0.227657
0.13468
0.18091
0.223649
0.11351
0.122458
0.14093
0.14663
0.159608
0.131199
0.127009
0.119301
0.129822
0.0570326
0.0272534
0.00467452
0.0959987
0.15488
0.153213
0.122238
0.0938981
0.141004
0.0788012
0.0271871
0.00294855
-0.0118748
0.019959
0.0776941
-0.00539914
0.0400485
0.0249372
0.0211494
0.0441594
0.0923142
0.109254
0.15889
0.114981
0.0986579
0.0845667
0.0628975
0.050541
0.0289193
0.0389856
0.0543899
0.0860837
0.0722315
0.0801085
0.0459775
0.0431646
0.0767826
0.169459
0.190406
0.193456
0.118497
0.138048
0.125532
0.126111
0.152471
0.136695
0.123189
0.167788
0.16421
0.151648
0.10243
0.0395984
0.0327705
0.0376206
0.0517933
0.0983712
0.123997
0.195376
0.189098
0.12637
0.123199
0.163263
0.171691
0.113943
0.129826
0.133888
0.117084
0.151632
0.16665
0.189494
0.260748
0.196154
0.261418
0.199235
0.237274
0.290832
0.306752
0.287745
0.291068
0.329988
0.199978
0.192665
0.170045
0.228631
0.312041
0.40866
0.363227
0.385411
0.360683
0.313542
0.272831
0.367855
0.254923
0.229195
0.226106
0.14798
0.0292772
0.025116
0.0825136
0.109064
0.111596
0.153438
0.185593
0.101325
0.146223
0.185082
0.187809
0.175196
0.146107
0.0957073
0.139271
0.0845239
0.172896
0.234512
0.280894
0.291592
0.26874
0.171732
0.137948
0.133175
0.154151
0.15034
0.161849
0.174276
0.133682
0.154884
0.168778
0.0773944
-0.0153909
0.121464
0.159752
0.228267
0.233245
0.240512
0.171605
0.15759
0.100546
-0.0847817
0.0792504
-0.000121176
0.0415038
0.203661
0.113935
0.138714
0.12866
0.120392
0.118896
0.111342
0.186605
0.1702
0.303508
0.273675
0.272249
0.275582
0.263235
0.237728
0.27085
0.256439
0.227449
0.20504
0.218232
0.197021
0.191952
0.24048
0.178376
0.19684
0.146862
0.0918411
0.164327
0.223416
0.275027
0.230124
0.253856
0.184421
0.135188
0.0306624
0.0313016
0.0173284
0.0759051
0.15886
0.0289907
0.186262
0.187568
0.138753
0.228684
0.180404
0.239538
0.278995
0.327027
0.291636
0.306867
0.284771
0.249381
0.276968
0.105225
0.0652135
0.0535407
0.206433
0.19123
0.107411
0.276374
0.0859924
0.104103
0.1328
0.221364
0.230974
0.30181
0.340947
0.197032
0.399431
0.300637
0.302349
0.362291
0.382057
0.365795
0.382752
0.480016
0.505672
0.498349
0.514713
0.500054
0.498944
0.514201
0.518607
0.590594
0.654255
0.645872
0.618438
0.721856
0.583113
0.546199
0.580092
0.573085
0.541241
0.695803
0.634984
0.647381
0.635117
0.634087
0.573556
0.521719
0.551271
0.409737
0.488792
0.482322
0.446591
0.339571
0.3466
0.149562
0.202042
0.15782
0.221611
0.233096
0.247771
0.280895
0.288337
0.307026
0.295955
0.306741
0.289074
0.333069
0.358471
0.37493
0.349441
0.358847
0.28122
0.327545
0.166903
0.213313
0.238278
0.213128
0.251906
0.249809
0.305767
0.352871
0.40237
0.413708
0.399956
0.41062
0.333681
0.377911
0.330519
0.396155
0.260514
0.27076
0.273014
0.299541
0.357535
0.339048
0.402726
0.38686
0.348151
0.42344
0.377413
0.368198
0.335525
0.278337
0.318727
0.337512
0.333898
0.383122
0.344244
0.409417
0.414767
